       4441.2045  1.32613e-16  1.17456e-17
       4443.1507  1.20532e-16  1.16909e-17
       4445.0969  9.39311e-17  1.15274e-17
       4447.0432  1.17043e-16  1.14995e-17
       4448.9894  1.33532e-16  1.15693e-17
       4450.9356  1.37060e-16  1.15256e-17
       4452.8819  1.45145e-16  1.13400e-17
       4454.8281  1.38951e-16  1.11000e-17
       4456.7743  1.42823e-16  1.10713e-17
       4458.7206  1.38664e-16  1.11092e-17
       4460.6668  1.32630e-16  1.11578e-17
       4462.6130  1.37829e-16  1.11846e-17
       4464.5593  1.50685e-16  1.13542e-17
       4466.5055  1.46528e-16  1.12286e-17
       4468.4517  1.26690e-16  1.11844e-17
       4470.3980  1.50196e-16  1.12420e-17
       4472.3442  1.56587e-16  1.13589e-17
       4474.2904  1.29891e-16  1.14107e-17
       4476.2367  1.28019e-16  1.11809e-17
       4478.1829  1.43914e-16  1.12320e-17
       4480.1291  1.43498e-16  1.13051e-17
       4482.0754  1.43151e-16  1.12241e-17
       4484.0216  1.46490e-16  1.14533e-17
       4485.9679  1.24432e-16  1.14720e-17
       4487.9141  1.43857e-16  1.14191e-17
       4489.8603  1.26090e-16  1.14066e-17
       4491.8066  1.32409e-16  1.14441e-17
       4493.7528  1.61568e-16  1.16401e-17
       4495.6990  1.36831e-16  1.16797e-17
       4497.6453  1.45577e-16  1.15475e-17
       4499.5915  1.65799e-16  1.16238e-17
       4501.5377  1.52372e-16  1.15706e-17
       4503.4840  1.45507e-16  1.15273e-17
       4505.4302  1.60228e-16  1.16473e-17
       4507.3764  1.41167e-16  1.13376e-17
       4509.3227  1.50570e-16  1.13823e-17
       4511.2689  1.42121e-16  1.14162e-17
       4513.2151  1.48655e-16  1.13872e-17
       4515.1614  1.54326e-16  1.12386e-17
       4517.1076  1.50207e-16  1.13165e-17
       4519.0538  1.63955e-16  1.14679e-17
       4521.0001  1.36109e-16  1.13755e-17
       4522.9463  1.26496e-16  1.13671e-17
       4524.8925  1.28810e-16  1.12569e-17
       4526.8388  1.41392e-16  1.13431e-17
       4528.7850  1.55265e-16  1.14871e-17
       4530.7312  1.73517e-16  1.15357e-17
       4532.6775  1.57520e-16  1.15550e-17
       4534.6237  1.51718e-16  1.15174e-17
       4536.5699  1.36921e-16  1.14580e-17
       4538.5162  1.50514e-16  1.15645e-17
       4540.4624  1.54590e-16  1.16135e-17
       4542.4087  1.39720e-16  1.15175e-17
       4544.3549  1.50483e-16  1.15663e-17
       4546.3011  1.52843e-16  1.16052e-17
       4548.2474  1.60336e-16  1.16472e-17
       4550.1936  1.38945e-16  1.12707e-17
       4552.1398  1.38477e-16  1.12586e-17
       4554.0861  1.48267e-16  1.11430e-17
       4556.0323  1.36768e-16  1.11400e-17
       4557.9785  1.45550e-16  1.10463e-17
       4559.9248  1.43687e-16  1.10782e-17
       4561.8710  1.40695e-16  1.10417e-17
       4563.8172  1.44394e-16  1.09440e-17
       4565.7635  1.39405e-16  1.08005e-17
       4567.7097  1.53565e-16  1.08778e-17
       4569.6559  1.46794e-16  1.08809e-17
       4571.6022  1.43060e-16  1.08507e-17
       4573.5484  1.77599e-16  1.09397e-17
       4575.4946  1.61800e-16  1.09469e-17
       4577.4409  1.38471e-16  1.09768e-17
       4579.3871  1.46920e-16  1.10491e-17
       4581.3333  1.50048e-16  1.09018e-17
       4583.2796  1.48507e-16  1.08796e-17
       4585.2258  1.43426e-16  1.07435e-17
       4587.1720  1.38139e-16  1.07211e-17
       4589.1183  1.39097e-16  1.07120e-17
       4591.0645  1.51434e-16  1.06899e-17
       4593.0107  1.60987e-16  1.06721e-17
       4594.9570  1.40485e-16  1.04887e-17
       4596.9032  1.25924e-16  1.03404e-17
       4598.8495  1.33098e-16  1.04480e-17
       4600.7957  1.40747e-16  1.04403e-17
       4602.7419  1.44661e-16  1.03645e-17
       4604.6882  1.45085e-16  1.04599e-17
       4606.6344  1.34172e-16  1.03994e-17
       4608.5806  1.49018e-16  1.05282e-17
       4610.5269  1.43992e-16  1.06157e-17
       4612.4731  1.44692e-16  1.04467e-17
       4614.4193  1.39486e-16  1.03552e-17
       4616.3656  1.63483e-16  1.05392e-17
       4618.3118  1.65846e-16  1.05446e-17
       4620.2580  1.47377e-16  1.04487e-17
       4622.2043  1.55783e-16  1.05609e-17
       4624.1505  1.46854e-16  1.05471e-17
       4626.0967  1.51139e-16  1.05152e-17
       4628.0430  1.64174e-16  1.04985e-17
       4629.9892  1.64409e-16  1.05463e-17
       4631.9354  1.65268e-16  1.06206e-17
       4633.8817  1.71393e-16  1.05753e-17
       4635.8279  1.70353e-16  1.04601e-17
       4637.7741  1.51830e-16  1.03228e-17
       4639.7204  1.68086e-16  1.03876e-17
       4641.6666  1.85462e-16  1.05184e-17
       4643.6128  1.78974e-16  1.04705e-17
       4645.5591  1.67643e-16  1.03305e-17
       4647.5053  1.74797e-16  1.04187e-17
       4649.4516  1.78558e-16  1.06425e-17
       4651.3978  1.85068e-16  1.06429e-17
       4653.3440  1.81198e-16  1.05348e-17
       4655.2903  1.77260e-16  1.05700e-17
       4657.2365  1.83919e-16  1.08590e-17
       4659.1827  1.98075e-16  1.11365e-17
       4661.1290  1.97078e-16  1.11367e-17
       4663.0752  1.84451e-16  1.11268e-17
       4665.0214  1.84106e-16  1.11944e-17
       4666.9677  1.68601e-16  1.12136e-17
       4668.9139  1.87677e-16  1.13028e-17
       4670.8601  1.84363e-16  1.13194e-17
       4672.8064  1.88129e-16  1.14023e-17
       4674.7526  2.10675e-16  1.13607e-17
       4676.6988  2.19350e-16  1.12468e-17
       4678.6451  2.12014e-16  1.12244e-17
       4680.5913  1.99168e-16  1.12132e-17
       4682.5375  2.06108e-16  1.11595e-17
       4684.4838  2.14158e-16  1.11748e-17
       4686.4300  2.11608e-16  1.11471e-17
       4688.3762  2.08266e-16  1.10251e-17
       4690.3225  2.26101e-16  1.10836e-17
       4692.2687  2.28422e-16  1.09723e-17
       4694.2149  2.29628e-16  1.09200e-17
       4696.1612  2.20224e-16  1.09356e-17
       4698.1074  2.06574e-16  1.08464e-17
       4700.0536  2.27779e-16  1.08871e-17
       4701.9999  2.42342e-16  1.09307e-17
       4703.9461  2.19873e-16  1.08389e-17
       4705.8924  2.11906e-16  1.08853e-17
       4707.8386  2.23845e-16  1.09699e-17
       4709.7848  2.04924e-16  1.08337e-17
       4711.7311  1.87168e-16  1.08195e-17
       4713.6773  1.90872e-16  1.07579e-17
       4715.6235  1.92457e-16  1.06296e-17
       4717.5698  1.91601e-16  1.07014e-17
       4719.5160  1.92649e-16  1.05959e-17
       4721.4622  1.97380e-16  1.06144e-17
       4723.4085  2.03215e-16  1.06803e-17
       4725.3547  1.85357e-16  1.05985e-17
       4727.3009  1.89323e-16  1.07720e-17
       4729.2472  1.98459e-16  1.09027e-17
       4731.1934  2.03324e-16  1.08127e-17
       4733.1396  2.07981e-16  1.09055e-17
       4735.0859  1.83692e-16  1.09281e-17
       4737.0321  1.88452e-16  1.11033e-17
       4738.9783  1.97853e-16  1.13237e-17
       4740.9246  1.73974e-16  1.11997e-17
       4742.8708  1.85611e-16  1.11979e-17
       4744.8170  1.97619e-16  1.09813e-17
       4746.7633  1.75538e-16  1.07727e-17
       4748.7095  1.86644e-16  1.06722e-17
       4750.6557  1.90462e-16  1.05532e-17
       4752.6020  1.84671e-16  1.05723e-17
       4754.5482  1.87671e-16  1.05112e-17
       4756.4944  1.71940e-16  1.03444e-17
       4758.4407  1.87141e-16  1.03339e-17
       4760.3869  1.86487e-16  1.02827e-17
       4762.3332  1.87385e-16  1.01480e-17
       4764.2794  1.76029e-16  1.00760e-17
       4766.2256  1.60408e-16  1.00440e-17
       4768.1719  1.67474e-16  1.00908e-17
       4770.1181  1.69842e-16  1.00589e-17
       4772.0643  1.66453e-16  9.99203e-18
       4774.0106  1.68146e-16  9.95904e-18
       4775.9568  1.77147e-16  1.01594e-17
       4777.9030  1.79285e-16  1.02448e-17
       4779.8493  1.79743e-16  1.01951e-17
       4781.7955  1.64143e-16  9.99074e-18
       4783.7417  1.63466e-16  9.94526e-18
       4785.6880  1.62738e-16  1.00314e-17
       4787.6342  1.72815e-16  1.00118e-17
       4789.5804  1.79494e-16  1.01438e-17
       4791.5267  1.63501e-16  1.00736e-17
       4793.4729  1.50920e-16  1.00394e-17
       4795.4191  1.69693e-16  1.00590e-17
       4797.3654  1.64093e-16  1.02307e-17
       4799.3116  1.75144e-16  1.01903e-17
       4801.2578  1.67605e-16  1.00937e-17
       4803.2041  1.57204e-16  1.00664e-17
       4805.1503  1.58575e-16  1.00166e-17
       4807.0965  1.59639e-16  9.98287e-18
       4809.0428  1.56994e-16  1.00176e-17
       4810.9890  1.43007e-16  1.01005e-17
       4812.9353  1.43792e-16  1.01872e-17
       4814.8815  1.60941e-16  1.02913e-17
       4816.8277  1.53159e-16  1.04665e-17
       4818.7740  1.64357e-16  1.06315e-17
       4820.7202  1.71602e-16  1.08129e-17
       4822.6664  1.58170e-16  1.07528e-17
       4824.6127  1.52766e-16  1.06426e-17
       4826.5589  1.50845e-16  1.06766e-17
       4828.5051  1.55462e-16  1.07054e-17
       4830.4514  1.54379e-16  1.06278e-17
       4832.3976  1.70854e-16  1.08713e-17
       4834.3438  1.42729e-16  1.06675e-17
       4836.2901  1.49550e-16  1.07180e-17
       4838.2363  1.44095e-16  1.07553e-17
       4840.1825  1.31051e-16  1.06413e-17
       4842.1288  1.26266e-16  1.04753e-17
       4844.0750  1.41559e-16  1.05025e-17
       4846.0212  1.52383e-16  1.05209e-17
       4847.9675  1.43960e-16  1.05031e-17
       4849.9137  1.43864e-16  1.03905e-17
       4851.8599  1.68174e-16  1.04601e-17
       4853.8062  1.57883e-16  1.04336e-17
       4855.7524  1.58450e-16  1.03250e-17
       4857.6986  1.64241e-16  1.01968e-17
       4859.6449  1.42417e-16  1.01182e-17
       4861.5911  1.49248e-16  1.00523e-17
       4863.5373  1.37546e-16  1.01219e-17
       4865.4836  1.42467e-16  1.02650e-17
       4867.4298  1.62958e-16  1.03451e-17
       4869.3761  1.55864e-16  1.02285e-17
       4871.3223  1.45049e-16  1.02425e-17
       4873.2685  1.52376e-16  1.03171e-17
       4875.2148  1.55260e-16  1.04553e-17
       4877.1610  1.64831e-16  1.04810e-17
       4879.1072  1.61449e-16  1.05957e-17
       4881.0535  1.64744e-16  1.07668e-17
       4882.9997  1.62121e-16  1.05811e-17
       4884.9459  1.44302e-16  1.05512e-17
       4886.8922  1.60265e-16  1.05187e-17
       4888.8384  1.58812e-16  1.05283e-17
       4890.7846  1.59152e-16  1.05062e-17
       4892.7309  1.61690e-16  1.04409e-17
       4894.6771  1.54175e-16  1.04780e-17
       4896.6233  1.47749e-16  1.06140e-17
       4898.5696  1.53950e-16  1.05085e-17
       4900.5158  1.58829e-16  1.04055e-17
       4902.4620  1.42061e-16  1.04044e-17
       4904.4083  1.50292e-16  1.05003e-17
       4906.3545  1.65774e-16  1.04783e-17
       4908.3007  1.67159e-16  1.03929e-17
       4910.2470  1.74277e-16  1.04162e-17
       4912.1932  1.78652e-16  1.04566e-17
       4914.1394  1.51632e-16  1.04360e-17
       4916.0857  1.51211e-16  1.04780e-17
       4918.0319  1.50352e-16  1.03713e-17
       4919.9782  1.64141e-16  1.03476e-17
       4921.9244  1.53111e-16  1.02347e-17
       4923.8706  1.38016e-16  1.02663e-17
       4925.8169  1.42214e-16  1.03627e-17
       4927.7631  1.54452e-16  1.02858e-17
       4929.7093  1.50793e-16  1.02465e-17
       4931.6556  1.28412e-16  1.01752e-17
       4933.6018  1.39004e-16  1.01980e-17
       4935.5480  1.30934e-16  1.02705e-17
       4937.4943  1.42243e-16  1.04824e-17
       4939.4405  1.59890e-16  1.07236e-17
       4941.3867  1.53946e-16  1.07991e-17
       4943.3330  1.74795e-16  1.06623e-17
       4945.2792  1.51429e-16  1.02425e-17
       4947.2254  1.17474e-16  1.00216e-17
       4949.1717  1.16995e-16  1.00835e-17
       4951.1179  1.22519e-16  1.01329e-17
       4953.0641  1.20828e-16  1.00784e-17
       4955.0104  1.24822e-16  1.01152e-17
       4956.9566  1.41469e-16  1.00986e-17
       4958.9028  1.45555e-16  9.95968e-18
       4960.8491  1.31263e-16  1.00283e-17
       4962.7953  1.16966e-16  9.93531e-18
       4964.7415  1.28983e-16  9.88452e-18
       4966.6878  1.22731e-16  9.99851e-18
       4968.6340  1.24183e-16  1.02277e-17
       4970.5802  1.32130e-16  1.03552e-17
       4972.5265  1.37306e-16  1.05973e-17
       4974.4727  1.46316e-16  1.08751e-17
       4976.4190  1.52707e-16  1.12122e-17
       4978.3652  1.54720e-16  1.15528e-17
       4980.3114  1.58654e-16  1.16607e-17
       4982.2577  1.42720e-16  1.16971e-17
       4984.2039  1.41551e-16  1.16499e-17
       4986.1501  1.65109e-16  1.16220e-17
       4988.0964  1.46366e-16  1.13197e-17
       4990.0426  1.47341e-16  1.12009e-17
       4991.9888  1.49965e-16  1.10724e-17
       4993.9351  1.53199e-16  1.07898e-17
       4995.8813  1.66897e-16  1.06396e-17
       4997.8275  1.47565e-16  1.04427e-17
       4999.7738  1.49502e-16  1.02449e-17
       5001.7200  1.70006e-16  1.01339e-17
       5003.6662  1.62265e-16  1.01729e-17
       5005.6125  1.48403e-16  1.01678e-17
       5007.5587  1.66303e-16  1.02377e-17
       5009.5049  1.87703e-16  1.03372e-17
       5011.4512  1.98515e-16  1.02701e-17
       5013.3974  1.98505e-16  1.02512e-17
       5015.3436  2.00948e-16  1.02997e-17
       5017.2899  1.91500e-16  1.02956e-17
       5019.2361  1.98408e-16  1.03738e-17
       5021.1823  1.80669e-16  1.02482e-17
       5023.1286  1.84145e-16  1.02658e-17
       5025.0748  2.08897e-16  1.03902e-17
       5027.0210  2.16044e-16  1.03928e-17
       5028.9673  2.16462e-16  1.05004e-17
       5030.9135  2.17385e-16  1.05563e-17
       5032.8598  2.03807e-16  1.05070e-17
       5034.8060  2.06372e-16  1.05949e-17
       5036.7522  2.03669e-16  1.04524e-17
       5038.6985  2.13809e-16  1.04987e-17
       5040.6447  2.32587e-16  1.06086e-17
       5042.5909  2.31524e-16  1.06071e-17
       5044.5372  2.28479e-16  1.05844e-17
       5046.4834  2.26552e-16  1.03818e-17
       5048.4296  2.15546e-16  1.03776e-17
       5050.3759  2.18927e-16  1.03480e-17
       5052.3221  2.35832e-16  1.03956e-17
       5054.2683  2.11072e-16  1.03244e-17
       5056.2146  2.22585e-16  1.04791e-17
       5058.1608  2.09565e-16  1.04486e-17
       5060.1070  2.23116e-16  1.03919e-17
       5062.0533  2.21702e-16  1.04057e-17
       5063.9995  2.01498e-16  1.03513e-17
       5065.9457  1.90735e-16  1.03174e-17
       5067.8920  1.87874e-16  1.03813e-17
       5069.8382  1.75007e-16  1.03537e-17
       5071.7844  1.76622e-16  1.03164e-17
       5073.7307  1.80661e-16  1.01469e-17
       5075.6769  1.86177e-16  1.00881e-17
       5077.6231  1.57866e-16  1.01321e-17
       5079.5694  1.50705e-16  1.03406e-17
       5081.5156  1.69204e-16  1.08015e-17
       5083.4619  1.73000e-16  1.11649e-17
       5085.4081  1.61020e-16  1.13247e-17
       5087.3543  1.85039e-16  1.12187e-17
       5089.3006  1.85843e-16  1.10710e-17
       5091.2468  1.82813e-16  1.06627e-17
       5093.1930  1.59148e-16  1.00876e-17
       5095.1393  1.45640e-16  9.81088e-18
       5097.0855  1.57901e-16  9.91904e-18
       5099.0317  1.30114e-16  9.93936e-18
       5100.9780  1.56658e-16  9.95286e-18
       5102.9242  1.35268e-16  9.69757e-18
       5104.8704  1.36763e-16  9.56024e-18
       5106.8167  1.32964e-16  9.54244e-18
       5108.7629  1.52135e-16  9.57118e-18
       5110.7091  1.40003e-16  9.53295e-18
       5112.6554  1.49383e-16  9.52719e-18
       5114.6016  1.51379e-16  9.76504e-18
       5116.5478  1.56043e-16  9.75820e-18
       5118.4941  1.54368e-16  9.65258e-18
       5120.4403  1.43289e-16  9.45996e-18
       5122.3865  1.17086e-16  9.24610e-18
       5124.3328  1.13486e-16  9.21670e-18
       5126.2790  1.38845e-16  9.40568e-18
       5128.2252  1.39440e-16  9.39585e-18
       5130.1715  1.24400e-16  9.45439e-18
       5132.1177  1.23574e-16  9.54390e-18
       5134.0639  1.39799e-16  9.75567e-18
       5136.0102  1.34955e-16  9.73995e-18
       5137.9564  1.52023e-16  9.77909e-18
       5139.9027  1.46646e-16  9.82993e-18
       5141.8489  1.52498e-16  9.92000e-18
       5143.7951  1.46164e-16  9.92082e-18
       5145.7414  1.49093e-16  9.86620e-18
       5147.6876  1.36883e-16  1.00599e-17
       5149.6338  1.37334e-16  1.01999e-17
       5151.5801  1.40924e-16  1.03414e-17
       5153.5263  1.33681e-16  1.03760e-17
       5155.4725  1.38588e-16  1.02246e-17
       5157.4188  1.44107e-16  1.01550e-17
       5159.3650  1.43464e-16  9.93254e-18
       5161.3112  1.45511e-16  9.77369e-18
       5163.2575  1.41234e-16  9.65349e-18
       5165.2037  1.37191e-16  9.49292e-18
       5167.1499  1.28045e-16  9.36046e-18
       5169.0962  1.44291e-16  9.39747e-18
       5171.0424  1.48381e-16  9.43224e-18
       5172.9886  1.42322e-16  9.37279e-18
       5174.9349  1.52062e-16  9.56594e-18
       5176.8811  1.64037e-16  9.67403e-18
       5178.8273  1.42413e-16  9.49615e-18
       5180.7736  1.44371e-16  9.49469e-18
       5182.7198  1.53103e-16  9.42116e-18
       5184.6660  1.66192e-16  9.55923e-18
       5186.6123  1.51342e-16  9.68300e-18
       5188.5585  1.38440e-16  9.72633e-18
       5190.5047  1.61259e-16  9.77662e-18
       5192.4510  1.41719e-16  9.69324e-18
       5194.3972  1.62199e-16  9.92700e-18
       5196.3435  1.48159e-16  1.01855e-17
       5198.2897  1.63165e-16  1.03684e-17
       5200.2359  1.61607e-16  1.04525e-17
       5202.1822  1.39548e-16  1.01968e-17
       5204.1284  1.48660e-16  9.98280e-18
       5206.0746  1.52805e-16  9.75834e-18
       5208.0209  1.32928e-16  9.57321e-18
       5209.9671  1.38393e-16  9.64231e-18
       5211.9133  1.62666e-16  9.74708e-18
       5213.8596  1.65717e-16  9.71252e-18
       5215.8058  1.47533e-16  9.67618e-18
       5217.7520  1.53998e-16  9.67707e-18
       5219.6983  1.49055e-16  9.78828e-18
       5221.6445  1.41022e-16  9.85989e-18
       5223.5907  1.52715e-16  9.80561e-18
       5225.5370  1.39150e-16  9.63870e-18
       5227.4832  1.41062e-16  9.65048e-18
       5229.4294  1.47256e-16  9.66906e-18
       5231.3757  1.50536e-16  9.58309e-18
       5233.3219  1.55446e-16  9.62616e-18
       5235.2681  1.51036e-16  9.75837e-18
       5237.2144  1.38842e-16  9.72814e-18
       5239.1606  1.38298e-16  9.81809e-18
       5241.1068  1.49912e-16  9.73021e-18
       5243.0531  1.64669e-16  9.57609e-18
       5244.9993  1.63068e-16  9.56925e-18
       5246.9456  1.49199e-16  9.51582e-18
       5248.8918  1.35060e-16  9.37545e-18
       5250.8380  1.36418e-16  9.42378e-18
       5252.7843  1.39142e-16  9.45884e-18
       5254.7305  1.20806e-16  9.50968e-18
       5256.6767  1.18278e-16  9.62353e-18
       5258.6230  1.30094e-16  9.62254e-18
       5260.5692  1.41162e-16  9.50859e-18
       5262.5154  1.35430e-16  9.26638e-18
       5264.4617  1.51764e-16  9.28048e-18
       5266.4079  1.39126e-16  9.13585e-18
       5268.3541  1.29739e-16  9.10672e-18
       5270.3004  1.23823e-16  9.14403e-18
       5272.2466  1.17636e-16  9.30080e-18
       5274.1928  1.36930e-16  9.56349e-18
       5276.1391  1.47102e-16  9.63429e-18
       5278.0853  1.46671e-16  9.63875e-18
       5280.0315  1.51188e-16  9.63487e-18
       5281.9778  1.70097e-16  9.66848e-18
       5283.9240  1.61658e-16  9.66933e-18
       5285.8702  1.43784e-16  9.63570e-18
       5287.8165  1.63120e-16  9.64670e-18
       5289.7627  1.56653e-16  9.60405e-18
       5291.7089  1.45096e-16  9.51822e-18
       5293.6552  1.42507e-16  9.57174e-18
       5295.6014  1.45494e-16  9.69920e-18
       5297.5476  1.49859e-16  9.60115e-18
       5299.4939  1.55147e-16  9.59634e-18
       5301.4401  1.41085e-16  9.61182e-18
       5303.3864  1.42576e-16  9.63665e-18
       5305.3326  1.64541e-16  9.71747e-18
       5307.2788  1.50713e-16  9.52506e-18
       5309.2251  1.32063e-16  9.25468e-18
       5311.1713  1.46865e-16  9.35514e-18
       5313.1175  1.51365e-16  9.42796e-18
       5315.0638  1.47180e-16  9.34021e-18
       5317.0100  1.44939e-16  9.36167e-18
       5318.9562  1.59271e-16  9.51151e-18
       5320.9025  1.63381e-16  9.57996e-18
       5322.8487  1.59635e-16  9.57587e-18
       5324.7949  1.66302e-16  9.66908e-18
       5326.7412  1.69185e-16  9.64893e-18
       5328.6874  1.57579e-16  9.60756e-18
       5330.6336  1.61363e-16  9.65220e-18
       5332.5799  1.73237e-16  9.70214e-18
       5334.5261  1.59182e-16  9.56115e-18
       5336.4723  1.60645e-16  9.53368e-18
       5338.4186  1.50028e-16  9.62625e-18
       5340.3648  1.47572e-16  9.68277e-18
       5342.3110  1.66729e-16  9.67487e-18
       5344.2573  1.65118e-16  9.74514e-18
       5346.2035  1.76202e-16  9.80954e-18
       5348.1497  1.83284e-16  9.82449e-18
       5350.0960  1.68943e-16  9.85581e-18
       5352.0422  1.52838e-16  9.78830e-18
       5353.9885  1.56964e-16  9.76480e-18
       5355.9347  1.53467e-16  9.70636e-18
       5357.8809  1.50913e-16  9.67770e-18
       5359.8272  1.68139e-16  9.63276e-18
       5361.7734  1.79392e-16  9.64775e-18
       5363.7196  1.66326e-16  9.53535e-18
       5365.6659  1.55726e-16  9.47617e-18
       5367.6121  1.69036e-16  9.63079e-18
       5369.5583  1.72719e-16  9.74786e-18
       5371.5046  1.64136e-16  9.74757e-18
       5373.4508  1.70304e-16  9.85453e-18
       5375.3970  1.76529e-16  9.99467e-18
       5377.3433  1.77656e-16  9.93676e-18
       5379.2895  1.80535e-16  9.87909e-18
       5381.2357  1.63641e-16  9.72067e-18
       5383.1820  1.71731e-16  9.72569e-18
       5385.1282  1.66733e-16  9.83481e-18
       5387.0744  1.73659e-16  9.89739e-18
       5389.0207  1.92428e-16  9.95752e-18
       5390.9669  1.92708e-16  1.00381e-17
       5392.9131  1.97981e-16  1.00499e-17
       5394.8594  1.89287e-16  1.00032e-17
       5396.8056  1.89399e-16  9.99650e-18
       5398.7518  1.95048e-16  9.96280e-18
       5400.6981  1.94095e-16  1.00920e-17
       5402.6443  1.82276e-16  1.00504e-17
       5404.5905  1.81551e-16  1.00594e-17
       5406.5368  1.79973e-16  1.00994e-17
       5408.4830  1.75677e-16  1.01124e-17
       5410.4293  1.65020e-16  1.02643e-17
       5412.3755  1.68250e-16  1.04714e-17
       5414.3217  1.65342e-16  1.04774e-17
       5416.2680  1.78970e-16  1.05919e-17
       5418.2142  1.88003e-16  1.07950e-17
       5420.1604  1.80554e-16  1.08286e-17
       5422.1067  1.99641e-16  1.08907e-17
       5424.0529  1.84763e-16  1.07731e-17
       5425.9991  1.80523e-16  1.06900e-17
       5427.9454  2.00363e-16  1.06225e-17
       5429.8916  1.89275e-16  1.06378e-17
       5431.8378  1.85919e-16  1.05899e-17
       5433.7841  1.88350e-16  1.06052e-17
       5435.7303  1.87648e-16  1.06252e-17
       5437.6765  1.99430e-16  1.07527e-17
       5439.6228  1.88742e-16  1.07287e-17
       5441.5690  1.86457e-16  1.07750e-17
       5443.5152  2.03592e-16  1.08727e-17
       5445.4615  2.10032e-16  1.08823e-17
       5447.4077  1.83574e-16  1.09229e-17
       5449.3539  1.86267e-16  1.08294e-17
       5451.3002  2.03139e-16  1.08881e-17
       5453.2464  1.86213e-16  1.08698e-17
       5455.1926  1.91877e-16  1.13974e-17
       5457.1389  1.67059e-16  1.28929e-17
       5459.0851  1.73316e-16  1.43989e-17
       5461.0313  1.80515e-16  1.48558e-17
       5462.9776  1.76461e-16  1.41265e-17
       5464.9238  1.89281e-16  1.26472e-17
       5466.8701  1.90232e-16  1.14844e-17
       5468.8163  1.83717e-16  1.08316e-17
       5470.7625  1.81259e-16  1.07000e-17
       5472.7088  1.79732e-16  1.06370e-17
       5474.6550  1.81054e-16  1.04532e-17
       5476.6012  1.96792e-16  1.06418e-17
       5478.5475  1.79406e-16  1.05946e-17
       5480.4937  1.69340e-16  1.06623e-17
       5482.4399  1.70639e-16  1.07577e-17
       5484.3862  1.68528e-16  1.05870e-17
       5486.3324  1.74437e-16  1.05345e-17
       5488.2786  1.92450e-16  1.05523e-17
       5490.2249  1.74738e-16  1.02421e-17
       5492.1711  1.74152e-16  1.01782e-17
       5494.1173  1.70987e-16  1.02409e-17
       5496.0636  1.61738e-16  1.01802e-17
       5498.0098  1.63772e-16  1.01548e-17
       5499.9560  1.78975e-16  1.02201e-17
       5501.9023  1.84004e-16  1.02926e-17
       5503.8485  1.81623e-16  1.02837e-17
       5505.7947  1.93413e-16  1.03412e-17
       5507.7410  1.94197e-16  1.03094e-17
       5509.6872  1.64990e-16  1.02293e-17
       5511.6334  1.65394e-16  1.02758e-17
       5513.5797  1.86539e-16  1.04566e-17
       5515.5259  1.85858e-16  1.03873e-17
       5517.4722  1.83152e-16  1.04506e-17
       5519.4184  1.74121e-16  1.04562e-17
       5521.3646  1.77267e-16  1.04776e-17
       5523.3109  1.92116e-16  1.04976e-17
       5525.2571  1.90672e-16  1.03064e-17
       5527.2033  2.04645e-16  1.03522e-17
       5529.1496  1.97212e-16  1.03762e-17
       5531.0958  1.78924e-16  1.02275e-17
       5533.0420  1.94001e-16  1.03421e-17
       5534.9883  1.89659e-16  1.02912e-17
       5536.9345  1.95506e-16  1.02628e-17
       5538.8807  2.18352e-16  1.06372e-17
       5540.8270  2.04711e-16  1.07072e-17
       5542.7732  1.98312e-16  1.07715e-17
       5544.7194  1.98982e-16  1.08158e-17
       5546.6657  1.97458e-16  1.06354e-17
       5548.6119  2.12251e-16  1.06499e-17
       5550.5581  2.20536e-16  1.07330e-17
       5552.5044  2.25319e-16  1.07083e-17
       5554.4506  2.03122e-16  1.05952e-17
       5556.3968  2.16537e-16  1.06473e-17
       5558.3431  2.18942e-16  1.06673e-17
       5560.2893  2.33272e-16  1.08928e-17
       5562.2355  2.37856e-16  1.10925e-17
       5564.1818  2.37919e-16  1.12033e-17
       5566.1280  2.35825e-16  1.12371e-17
       5568.0742  2.49468e-16  1.14756e-17
       5570.0205  2.36663e-16  1.29800e-17
       5571.9667  2.45270e-16  1.93046e-17
       5573.9130  2.52549e-16  3.05295e-17
       5575.8592  2.52442e-16  3.89251e-17
       5577.8054  2.41410e-16  4.05884e-17
       5579.7517  2.71933e-16  3.48193e-17
       5581.6979  2.91305e-16  2.37697e-17
       5583.6441  2.80486e-16  1.54661e-17
       5585.5904  2.69795e-16  1.21776e-17
       5587.5366  2.62076e-16  1.15202e-17
       5589.4828  2.56562e-16  1.14636e-17
       5591.4291  2.62093e-16  1.14331e-17
       5593.3753  2.62336e-16  1.12497e-17
       5595.3215  2.67985e-16  1.13180e-17
       5597.2678  2.70415e-16  1.13092e-17
       5599.2140  2.75739e-16  1.13998e-17
       5601.1602  2.71757e-16  1.15020e-17
       5603.1065  2.71484e-16  1.15289e-17
       5605.0527  2.76288e-16  1.15970e-17
       5606.9989  2.67571e-16  1.15589e-17
       5608.9452  2.73396e-16  1.14542e-17
       5610.8914  2.88832e-16  1.14955e-17
       5612.8376  2.94842e-16  1.14617e-17
       5614.7839  2.78039e-16  1.13597e-17
       5616.7301  2.77274e-16  1.15659e-17
       5618.6763  2.65292e-16  1.14630e-17
       5620.6226  2.61591e-16  1.15312e-17
       5622.5688  2.77434e-16  1.17099e-17
       5624.5150  2.61216e-16  1.17123e-17
       5626.4613  2.62910e-16  1.15987e-17
       5628.4075  2.75836e-16  1.16422e-17
       5630.3538  2.63513e-16  1.14813e-17
       5632.3000  2.48356e-16  1.14341e-17
       5634.2462  2.55892e-16  1.13969e-17
       5636.1925  2.47559e-16  1.13921e-17
       5638.1387  2.66310e-16  1.15490e-17
       5640.0849  2.71951e-16  1.15986e-17
       5642.0312  2.71289e-16  1.15265e-17
       5643.9774  2.61035e-16  1.15959e-17
       5645.9236  2.57042e-16  1.15934e-17
       5647.8699  2.45476e-16  1.15689e-17
       5649.8161  2.44558e-16  1.14891e-17
       5651.7623  2.32793e-16  1.13768e-17
       5653.7086  2.60960e-16  1.15602e-17
       5655.6548  2.53773e-16  1.16073e-17
       5657.6010  2.77063e-16  1.17100e-17
       5659.5473  2.57243e-16  1.16146e-17
       5661.4935  2.61460e-16  1.17062e-17
       5663.4397  2.37582e-16  1.17839e-17
       5665.3860  2.23933e-16  1.17061e-17
       5667.3322  2.38867e-16  1.18507e-17
       5669.2784  2.44611e-16  1.21311e-17
       5671.2247  2.51914e-16  1.23750e-17
       5673.1709  2.66665e-16  1.23719e-17
       5675.1171  2.45671e-16  1.23157e-17
       5677.0634  2.50503e-16  1.23627e-17
       5679.0096  2.16989e-16  1.25598e-17
       5680.9559  2.30514e-16  1.33179e-17
       5682.9021  2.57150e-16  1.40522e-17
       5684.8483  2.43883e-16  1.45795e-17
       5686.7946  2.21998e-16  1.50204e-17
       5688.7408  2.07130e-16  1.50803e-17
       5690.6870  2.24321e-16  1.47662e-17
       5692.6333  2.50647e-16  1.40774e-17
       5694.5795  2.27070e-16  1.34094e-17
       5696.5257  2.15754e-16  1.30256e-17
       5698.4720  2.29507e-16  1.27374e-17
       5700.4182  2.08162e-16  1.23281e-17
       5702.3644  2.23803e-16  1.22108e-17
       5704.3107  2.44309e-16  1.20705e-17
       5706.2569  2.36677e-16  1.19051e-17
       5708.2031  2.15284e-16  1.17223e-17
       5710.1494  2.27095e-16  1.17650e-17
       5712.0956  2.08838e-16  1.17159e-17
       5714.0418  1.93075e-16  1.15504e-17
       5715.9881  2.29284e-16  1.16805e-17
       5717.9343  2.17262e-16  1.16918e-17
       5719.8805  2.26776e-16  1.16366e-17
       5721.8268  2.17462e-16  1.16154e-17
       5723.7730  2.39141e-16  1.16545e-17
       5725.7192  2.39203e-16  1.15951e-17
       5727.6655  2.40376e-16  1.15482e-17
       5729.6117  2.36406e-16  1.14779e-17
       5731.5579  2.46134e-16  1.14953e-17
       5733.5042  2.41108e-16  1.14417e-17
       5735.4504  2.56400e-16  1.16070e-17
       5737.3967  2.54500e-16  1.15908e-17
       5739.3429  2.36182e-16  1.14774e-17
       5741.2891  2.30511e-16  1.15057e-17
       5743.2354  2.38323e-16  1.15095e-17
       5745.1816  2.33589e-16  1.15879e-17
       5747.1278  2.18261e-16  1.14218e-17
       5749.0741  2.21055e-16  1.14618e-17
       5751.0203  2.19174e-16  1.13785e-17
       5752.9665  2.32957e-16  1.15842e-17
       5754.9128  2.39127e-16  1.16370e-17
       5756.8590  2.45412e-16  1.16960e-17
       5758.8052  2.37746e-16  1.16249e-17
       5760.7515  2.25564e-16  1.16966e-17
       5762.6977  2.29844e-16  1.18513e-17
       5764.6439  2.47165e-16  1.22227e-17
       5766.5902  2.31574e-16  1.26696e-17
       5768.5364  2.30434e-16  1.30633e-17
       5770.4826  2.32976e-16  1.29138e-17
       5772.4289  2.23408e-16  1.24690e-17
       5774.3751  2.31757e-16  1.21062e-17
       5776.3213  2.40267e-16  1.18649e-17
       5778.2676  2.38739e-16  1.18020e-17
       5780.2138  2.42910e-16  1.16646e-17
       5782.1600  2.47980e-16  1.19034e-17
       5784.1063  2.42922e-16  1.20352e-17
       5786.0525  2.31336e-16  1.22190e-17
       5787.9988  2.22369e-16  1.27930e-17
       5789.9450  2.32874e-16  1.31089e-17
       5791.8912  2.28126e-16  1.29652e-17
       5793.8375  2.39602e-16  1.27204e-17
       5795.7837  2.33897e-16  1.22818e-17
       5797.7299  2.29542e-16  1.21017e-17
       5799.6762  2.08842e-16  1.20519e-17
       5801.6224  2.02652e-16  1.19975e-17
       5803.5686  2.17462e-16  1.20490e-17
       5805.5149  2.25209e-16  1.21040e-17
       5807.4611  2.08443e-16  1.20908e-17
       5809.4073  2.17971e-16  1.22169e-17
       5811.3536  2.19776e-16  1.22011e-17
       5813.2998  2.03471e-16  1.21481e-17
       5815.2460  2.34013e-16  1.23658e-17
       5817.1923  2.29212e-16  1.23238e-17
       5819.1385  2.23079e-16  1.21813e-17
       5821.0847  2.17528e-16  1.23467e-17
       5823.0310  2.23873e-16  1.24554e-17
       5824.9772  2.24347e-16  1.24315e-17
       5826.9234  2.18667e-16  1.24985e-17
       5828.8697  2.11124e-16  1.25465e-17
       5830.8159  2.23508e-16  1.25949e-17
       5832.7621  2.23189e-16  1.27103e-17
       5834.7084  2.19661e-16  1.26901e-17
       5836.6546  2.10367e-16  1.26819e-17
       5838.6008  1.91119e-16  1.25715e-17
       5840.5471  1.99172e-16  1.26698e-17
       5842.4933  2.01322e-16  1.26634e-17
       5844.4396  2.00333e-16  1.26570e-17
       5846.3858  2.07186e-16  1.27498e-17
       5848.3320  1.84425e-16  1.27849e-17
       5850.2783  2.04423e-16  1.29728e-17
       5852.2245  2.17392e-16  1.29639e-17
       5854.1707  2.11892e-16  1.29513e-17
       5856.1170  1.88707e-16  1.30860e-17
       5858.0632  1.99710e-16  1.31294e-17
       5860.0094  1.92333e-16  1.31181e-17
       5861.9557  1.80750e-16  1.33437e-17
       5863.9019  1.98762e-16  1.40071e-17
       5865.8481  1.94108e-16  1.43922e-17
       5867.7944  2.17446e-16  1.43785e-17
       5869.7406  2.05910e-16  1.41841e-17
       5871.6868  1.96309e-16  1.37854e-17
       5873.6331  2.09602e-16  1.35964e-17
       5875.5793  1.83917e-16  1.31406e-17
       5877.5255  2.10728e-16  1.30242e-17
       5879.4718  2.17707e-16  1.29086e-17
       5881.4180  2.11119e-16  1.29073e-17
       5883.3642  2.02622e-16  1.35510e-17
       5885.3105  1.88266e-16  1.58493e-17
       5887.2567  1.83553e-16  1.93578e-17
       5889.2029  1.79873e-16  2.13226e-17
       5891.1492  2.01260e-16  2.16813e-17
       5893.0954  2.14149e-16  2.06293e-17
       5895.0416  2.04155e-16  1.94456e-17
       5896.9879  1.95378e-16  1.83277e-17
       5898.9341  2.05115e-16  1.61159e-17
       5900.8804  2.07202e-16  1.40924e-17
       5902.8266  1.97816e-16  1.31725e-17
       5904.7728  1.90267e-16  1.31642e-17
       5906.7191  2.11781e-16  1.32110e-17
       5908.6653  2.11901e-16  1.32277e-17
       5910.6115  2.17243e-16  1.33046e-17
       5912.5578  2.00617e-16  1.35725e-17
       5914.5040  1.94749e-16  1.39412e-17
       5916.4502  2.21732e-16  1.42051e-17
       5918.3965  2.35659e-16  1.39676e-17
       5920.3427  1.93863e-16  1.36255e-17
       5922.2889  1.83045e-16  1.37217e-17
       5924.2352  2.12479e-16  1.39567e-17
       5926.1814  2.03072e-16  1.39158e-17
       5928.1276  2.07011e-16  1.41010e-17
       5930.0739  2.10669e-16  1.44415e-17
       5932.0201  2.21814e-16  1.46800e-17
       5933.9663  2.10677e-16  1.46211e-17
       5935.9126  2.18117e-16  1.42414e-17
       5937.8588  2.09873e-16  1.37773e-17
       5939.8050  2.20497e-16  1.35303e-17
       5941.7513  2.30567e-16  1.36487e-17
       5943.6975  2.18907e-16  1.36450e-17
       5945.6437  2.00502e-16  1.35908e-17
       5947.5900  2.11895e-16  1.36856e-17
       5949.5362  2.11747e-16  1.37979e-17
       5951.4825  1.87217e-16  1.39459e-17
       5953.4287  1.92393e-16  1.40604e-17
       5955.3749  1.92982e-16  1.38989e-17
       5957.3212  2.25660e-16  1.36179e-17
       5959.2674  2.23417e-16  1.33095e-17
       5961.2136  2.09748e-16  1.32799e-17
       5963.1599  2.16854e-16  1.32844e-17
       5965.1061  2.34823e-16  1.33842e-17
       5967.0523  2.22101e-16  1.34434e-17
       5968.9986  2.03549e-16  1.34584e-17
       5970.9448  2.02652e-16  1.35356e-17
       5972.8910  2.04844e-16  1.35590e-17
       5974.8373  2.11446e-16  1.36008e-17
       5976.7835  2.16072e-16  1.36763e-17
       5978.7297  2.03211e-16  1.34882e-17
       5980.6760  2.16031e-16  1.32782e-17
       5982.6222  2.12446e-16  1.30306e-17
       5984.5684  2.24844e-16  1.29954e-17
       5986.5147  1.95689e-16  1.28167e-17
       5988.4609  1.97077e-16  1.26576e-17
       5990.4071  2.18551e-16  1.28051e-17
       5992.3534  2.01751e-16  1.28438e-17
       5994.2996  1.96572e-16  1.27429e-17
       5996.2458  2.14578e-16  1.28910e-17
       5998.1921  1.99422e-16  1.29345e-17
       6000.1383  2.11988e-16  1.29076e-17
       6002.0845  2.10722e-16  1.29413e-17
       6004.0308  1.99965e-16  1.28648e-17
       6005.9770  2.00149e-16  1.28562e-17
       6007.9233  2.06963e-16  1.26888e-17
       6009.8695  1.94903e-16  1.24432e-17
       6011.8157  1.85966e-16  1.23424e-17
       6013.7620  1.85837e-16  1.22283e-17
       6015.7082  1.88613e-16  1.22594e-17
       6017.6544  2.00944e-16  1.23633e-17
       6019.6007  1.77834e-16  1.21361e-17
       6021.5469  1.87685e-16  1.21693e-17
       6023.4931  2.01897e-16  1.22254e-17
       6025.4394  2.00964e-16  1.21459e-17
       6027.3856  1.99181e-16  1.23670e-17
       6029.3318  1.96018e-16  1.22583e-17
       6031.2781  1.86480e-16  1.20298e-17
       6033.2243  1.86108e-16  1.20577e-17
       6035.1705  1.78735e-16  1.19469e-17
       6037.1168  1.90710e-16  1.19103e-17
       6039.0630  1.98138e-16  1.19206e-17
       6041.0092  1.86298e-16  1.16584e-17
       6042.9555  1.74192e-16  1.16324e-17
       6044.9017  1.79972e-16  1.16504e-17
       6046.8479  1.67364e-16  1.15046e-17
       6048.7942  1.69144e-16  1.15650e-17
       6050.7404  1.87106e-16  1.16295e-17
       6052.6866  1.74992e-16  1.15118e-17
       6054.6329  1.83472e-16  1.15506e-17
       6056.5791  1.86021e-16  1.15330e-17
       6058.5253  1.79931e-16  1.14712e-17
       6060.4716  1.92910e-16  1.15014e-17
       6062.4178  1.80214e-16  1.13926e-17
       6064.3641  1.71246e-16  1.14272e-17
       6066.3103  1.61923e-16  1.14542e-17
       6068.2565  1.85370e-16  1.14474e-17
       6070.2028  1.77406e-16  1.12346e-17
       6072.1490  1.79324e-16  1.12583e-17
       6074.0952  1.53759e-16  1.11270e-17
       6076.0415  1.58078e-16  1.10732e-17
       6077.9877  1.74241e-16  1.12660e-17
       6079.9339  1.62937e-16  1.11190e-17
       6081.8802  1.63027e-16  1.10974e-17
       6083.8264  1.53675e-16  1.10776e-17
       6085.7726  1.55520e-16  1.11286e-17
       6087.7189  1.76244e-16  1.12657e-17
       6089.6651  1.79507e-16  1.13042e-17
       6091.6113  2.01922e-16  1.14599e-17
       6093.5576  1.73640e-16  1.14113e-17
       6095.5038  1.59938e-16  1.12044e-17
       6097.4500  1.82990e-16  1.14238e-17
       6099.3963  1.79552e-16  1.14740e-17
       6101.3425  1.81039e-16  1.16569e-17
       6103.2887  1.79808e-16  1.17768e-17
       6105.2350  1.66249e-16  1.18387e-17
       6107.1812  1.40785e-16  1.20724e-17
       6109.1274  1.72246e-16  1.26932e-17
       6111.0737  1.78737e-16  1.30261e-17
       6113.0199  1.81457e-16  1.32405e-17
       6114.9662  1.70849e-16  1.29520e-17
       6116.9124  1.76119e-16  1.26337e-17
       6118.8586  1.82801e-16  1.21400e-17
       6120.8049  1.69862e-16  1.18163e-17
       6122.7511  1.54187e-16  1.14989e-17
       6124.6973  1.56321e-16  1.14135e-17
       6126.6436  1.60707e-16  1.13267e-17
       6128.5898  1.47300e-16  1.13330e-17
       6130.5360  1.56794e-16  1.13105e-17
       6132.4823  1.73308e-16  1.13806e-17
       6134.4285  1.79510e-16  1.14801e-17
       6136.3747  1.53677e-16  1.15894e-17
       6138.3210  1.65816e-16  1.16887e-17
       6140.2672  1.57861e-16  1.16037e-17
       6142.2134  1.59260e-16  1.15632e-17
       6144.1597  1.47025e-16  1.15543e-17
       6146.1059  1.42901e-16  1.14743e-17
       6148.0521  1.61661e-16  1.14085e-17
       6149.9984  1.85743e-16  1.14761e-17
       6151.9446  1.66270e-16  1.15944e-17
       6153.8908  1.66899e-16  1.16732e-17
       6155.8371  1.46310e-16  1.18037e-17
       6157.7833  1.48827e-16  1.18746e-17
       6159.7295  1.62424e-16  1.19001e-17
       6161.6758  1.65815e-16  1.18406e-17
       6163.6220  1.75186e-16  1.16864e-17
       6165.5682  1.80792e-16  1.13813e-17
       6167.5145  1.89990e-16  1.14605e-17
       6169.4607  1.67538e-16  1.14179e-17
       6171.4070  1.87136e-16  1.15224e-17
       6173.3532  1.86436e-16  1.14257e-17
       6175.2994  1.69777e-16  1.11615e-17
       6177.2457  1.66701e-16  1.09819e-17
       6179.1919  1.73705e-16  1.08853e-17
       6181.1381  1.80330e-16  1.09255e-17
       6183.0844  1.75080e-16  1.07911e-17
       6185.0306  1.57404e-16  1.07817e-17
       6186.9768  1.65128e-16  1.07285e-17
       6188.9231  1.62705e-16  1.07102e-17
       6190.8693  1.65663e-16  1.07427e-17
       6192.8155  1.62773e-16  1.08615e-17
       6194.7618  1.72513e-16  1.09251e-17
       6196.7080  1.68409e-16  1.07794e-17
       6198.6542  1.54201e-16  1.08232e-17
       6200.6005  1.51700e-16  1.09253e-17
       6202.5467  1.50980e-16  1.09487e-17
       6204.4929  1.72750e-16  1.10510e-17
       6206.4392  1.78905e-16  1.09591e-17
       6208.3854  1.75429e-16  1.09284e-17
       6210.3316  1.56677e-16  1.07883e-17
       6212.2779  1.48171e-16  1.08713e-17
       6214.2241  1.50243e-16  1.07371e-17
       6216.1703  1.48391e-16  1.06342e-17
       6218.1166  1.51938e-16  1.07652e-17
       6220.0628  1.67358e-16  1.10253e-17
       6222.0090  1.46061e-16  1.09338e-17
       6223.9553  1.49505e-16  1.08537e-17
       6225.9015  1.62148e-16  1.06721e-17
       6227.8478  1.46977e-16  1.04265e-17
       6229.7940  1.41445e-16  1.08552e-17
       6231.7402  1.55964e-16  1.17961e-17
       6233.6865  1.63785e-16  1.28350e-17
       6235.6327  1.42778e-16  1.32408e-17
       6237.5789  1.45232e-16  1.32526e-17
       6239.5252  1.29146e-16  1.24932e-17
       6241.4714  1.39178e-16  1.18834e-17
       6243.4176  1.66059e-16  1.16826e-17
       6245.3639  1.59715e-16  1.11741e-17
       6247.3101  1.71173e-16  1.09042e-17
       6249.2563  1.53061e-16  1.06131e-17
       6251.2026  1.44381e-16  1.04939e-17
       6253.1488  1.33168e-16  1.08622e-17
       6255.0950  1.25586e-16  1.18979e-17
       6257.0413  1.57656e-16  1.29032e-17
       6258.9875  1.53591e-16  1.28362e-17
       6260.9337  1.51917e-16  1.23216e-17
       6262.8800  1.34408e-16  1.15763e-17
       6264.8262  1.51240e-16  1.14210e-17
       6266.7724  1.44198e-16  1.12293e-17
       6268.7187  1.32311e-16  1.09470e-17
       6270.6649  1.43920e-16  1.07206e-17
       6272.6111  1.39442e-16  1.05115e-17
       6274.5574  1.33740e-16  1.05618e-17
       6276.5036  1.33931e-16  1.05683e-17
       6278.4499  1.30821e-16  1.04908e-17
       6280.3961  1.34735e-16  1.04390e-17
       6282.3423  1.21478e-16  1.06027e-17
       6284.2886  1.32119e-16  1.14993e-17
       6286.2348  1.46845e-16  1.21624e-17
       6288.1810  1.39800e-16  1.21517e-17
       6290.1273  1.35865e-16  1.16489e-17
       6292.0735  1.42117e-16  1.09695e-17
       6294.0197  1.20022e-16  1.19066e-17
       6295.9660  7.82474e-17  1.58071e-17
       6297.9122  7.04204e-17  2.11983e-17
       6299.8584  1.03363e-16  2.36330e-17
       6301.8047  1.17604e-16  2.27995e-17
       6303.7509  1.61543e-16  1.86887e-17
       6305.6971  1.47384e-16  1.49656e-17
       6307.6434  1.41899e-16  1.32031e-17
       6309.5896  1.41128e-16  1.20946e-17
       6311.5358  1.35165e-16  1.07937e-17
       6313.4821  1.40089e-16  1.03908e-17
       6315.4283  1.19838e-16  1.01552e-17
       6317.3745  1.14415e-16  1.03150e-17
       6319.3208  1.19221e-16  1.06030e-17
       6321.2670  1.27336e-16  1.08429e-17
       6323.2132  1.06030e-16  1.07637e-17
       6325.1595  1.01747e-16  1.07185e-17
       6327.1057  1.19158e-16  1.15495e-17
       6329.0519  1.32686e-16  1.19869e-17
       6330.9982  1.41603e-16  1.18974e-17
       6332.9444  1.34087e-16  1.11245e-17
       6334.8907  1.25095e-16  1.02652e-17
       6336.8369  1.20646e-16  9.94277e-18
       6338.7831  1.11787e-16  9.85000e-18
       6340.7294  1.27708e-16  1.00163e-17
       6342.6756  1.26698e-16  1.00770e-17
       6344.6218  1.31699e-16  1.02816e-17
       6346.5681  1.05595e-16  1.02853e-17
       6348.5143  1.25902e-16  1.05361e-17
       6350.4605  1.23232e-16  1.05374e-17
       6352.4068  1.09414e-16  1.06076e-17
       6354.3530  1.32130e-16  1.10615e-17
       6356.2992  1.39291e-16  1.14151e-17
       6358.2455  1.28595e-16  1.17673e-17
       6360.1917  1.22925e-16  1.32480e-17
       6362.1379  1.18272e-16  1.50699e-17
       6364.0842  1.30019e-16  1.55247e-17
       6366.0304  1.25206e-16  1.44214e-17
       6367.9766  1.36827e-16  1.20349e-17
       6369.9229  1.27213e-16  1.05297e-17
       6371.8691  1.41125e-16  1.01426e-17
       6373.8153  1.45834e-16  1.02228e-17
       6375.7616  1.47443e-16  1.03763e-17
       6377.7078  1.33872e-16  1.03925e-17
       6379.6540  1.23262e-16  1.03390e-17
       6381.6003  1.37219e-16  1.04022e-17
       6383.5465  1.49762e-16  1.05829e-17
       6385.4928  1.32191e-16  1.07325e-17
       6387.4390  1.22815e-16  1.06929e-17
       6389.3852  1.20555e-16  1.04139e-17
       6391.3315  1.47425e-16  1.01936e-17
       6393.2777  1.49368e-16  1.01944e-17
       6395.2239  1.42468e-16  1.00700e-17
       6397.1702  1.55139e-16  1.00621e-17
       6399.1164  1.51085e-16  1.00314e-17
       6401.0626  1.53355e-16  1.01443e-17
       6403.0089  1.54148e-16  1.01377e-17
       6404.9551  1.61745e-16  9.94758e-18
       6406.9013  1.49865e-16  9.78081e-18
       6408.8476  1.32509e-16  9.72536e-18
       6410.7938  1.16663e-16  9.74214e-18
       6412.7400  1.36617e-16  9.96908e-18
       6414.6863  1.32780e-16  1.01325e-17
       6416.6325  1.44498e-16  1.01279e-17
       6418.5787  1.59144e-16  1.01394e-17
       6420.5250  1.59109e-16  1.02612e-17
       6422.4712  1.32527e-16  9.99780e-18
       6424.4174  1.40384e-16  9.97112e-18
       6426.3637  1.38854e-16  9.87928e-18
       6428.3099  1.48528e-16  9.90921e-18
       6430.2561  1.57311e-16  9.90168e-18
       6432.2024  1.51358e-16  9.79768e-18
       6434.1486  1.30646e-16  9.70076e-18
       6436.0948  1.24946e-16  9.65215e-18
       6438.0411  1.35500e-16  9.71612e-18
       6439.9873  1.40771e-16  9.69122e-18
       6441.9336  1.47336e-16  9.73695e-18
       6443.8798  1.44283e-16  9.75462e-18
       6445.8260  1.43663e-16  9.74562e-18
       6447.7723  1.68908e-16  1.00809e-17
       6449.7185  1.81735e-16  1.01759e-17
       6451.6647  1.48601e-16  1.00571e-17
       6453.6110  1.56222e-16  1.00753e-17
       6455.5572  1.69858e-16  1.02115e-17
       6457.5034  1.49475e-16  1.02177e-17
       6459.4497  1.42092e-16  1.02267e-17
       6461.3959  1.36265e-16  1.05084e-17
       6463.3421  1.46356e-16  1.09061e-17
       6465.2884  1.55110e-16  1.12960e-17
       6467.2346  1.47835e-16  1.13196e-17
       6469.1808  1.74285e-16  1.13013e-17
       6471.1271  1.82945e-16  1.11873e-17
       6473.0733  1.60468e-16  1.07424e-17
       6475.0195  1.76368e-16  1.03161e-17
       6476.9658  1.75309e-16  1.01987e-17
       6478.9120  1.67746e-16  1.01421e-17
       6480.8582  1.48264e-16  9.86746e-18
       6482.8045  1.55516e-16  9.81657e-18
       6484.7507  1.55921e-16  9.68495e-18
       6486.6969  1.48302e-16  9.61498e-18
       6488.6432  1.55684e-16  9.72109e-18
       6490.5894  1.63328e-16  9.72051e-18
       6492.5356  1.57338e-16  9.80851e-18
       6494.4819  1.55013e-16  1.04048e-17
       6496.4281  1.46170e-16  1.13105e-17
       6498.3744  1.67011e-16  1.20597e-17
       6500.3206  1.68758e-16  1.20242e-17
       6502.2668  1.56407e-16  1.12990e-17
       6504.2131  1.49905e-16  1.06902e-17
       6506.1593  1.63790e-16  1.05289e-17
       6508.1055  1.77473e-16  1.02871e-17
       6510.0518  1.73615e-16  1.01202e-17
       6511.9980  1.67863e-16  9.99067e-18
       6513.9442  1.66771e-16  9.94679e-18
       6515.8905  1.49370e-16  9.78007e-18
       6517.8367  1.59322e-16  9.85736e-18
       6519.7829  1.73554e-16  1.00726e-17
       6521.7292  1.74366e-16  1.03713e-17
       6523.6754  1.54331e-16  1.03747e-17
       6525.6216  1.68650e-16  1.02609e-17
       6527.5679  1.59766e-16  1.02247e-17
       6529.5141  1.57953e-16  1.07536e-17
       6531.4603  1.86428e-16  1.16715e-17
       6533.4066  1.92849e-16  1.18618e-17
       6535.3528  1.91197e-16  1.13916e-17
       6537.2990  2.05113e-16  1.07999e-17
       6539.2453  1.98784e-16  1.05468e-17
       6541.1915  1.82789e-16  1.07578e-17
       6543.1377  1.73678e-16  1.09754e-17
       6545.0840  1.92700e-16  1.08768e-17
       6547.0302  1.88747e-16  1.05870e-17
       6548.9765  1.74154e-16  1.06362e-17
       6550.9227  1.70896e-16  1.13475e-17
       6552.8689  1.81526e-16  1.19550e-17
       6554.8152  1.75819e-16  1.18914e-17
       6556.7614  1.83816e-16  1.11662e-17
       6558.7076  1.92338e-16  1.05556e-17
       6560.6539  1.85945e-16  1.04768e-17
       6562.6001  2.09606e-16  1.07214e-17
       6564.5463  2.12766e-16  1.08158e-17
       6566.4926  2.15729e-16  1.08264e-17
       6568.4388  1.98759e-16  1.08692e-17
       6570.3850  2.09180e-16  1.08300e-17
       6572.3313  1.96849e-16  1.09272e-17
       6574.2775  2.00142e-16  1.13110e-17
       6576.2237  1.94557e-16  1.16973e-17
       6578.1700  2.09695e-16  1.18219e-17
       6580.1162  1.81147e-16  1.11075e-17
       6582.0624  1.81691e-16  1.05221e-17
       6584.0087  1.97758e-16  1.03136e-17
       6585.9549  2.04324e-16  1.03657e-17
       6587.9011  1.91601e-16  1.02433e-17
       6589.8474  2.06490e-16  1.03097e-17
       6591.7936  2.01687e-16  1.04003e-17
       6593.7398  1.94553e-16  1.05843e-17
       6595.6861  1.97646e-16  1.07172e-17
       6597.6323  2.18427e-16  1.07326e-17
       6599.5785  2.06192e-16  1.07184e-17
       6601.5248  2.11746e-16  1.08926e-17
       6603.4710  2.05633e-16  1.09325e-17
       6605.4173  1.94700e-16  1.09203e-17
       6607.3635  1.91165e-16  1.05827e-17
       6609.3097  2.01786e-16  1.03135e-17
       6611.2560  1.96835e-16  1.01596e-17
       6613.2022  1.96139e-16  1.00868e-17
       6615.1484  1.98272e-16  9.96919e-18
       6617.0947  2.01746e-16  1.01269e-17
       6619.0409  1.93657e-16  1.01805e-17
       6620.9871  2.01357e-16  1.02776e-17
       6622.9334  2.12048e-16  1.03133e-17
       6624.8796  2.21075e-16  1.04147e-17
       6626.8258  2.28536e-16  1.06579e-17
       6628.7721  2.33167e-16  1.06564e-17
       6630.7183  2.17913e-16  1.07515e-17
       6632.6645  2.02519e-16  1.06091e-17
       6634.6108  2.07733e-16  1.07127e-17
       6636.5570  2.02087e-16  1.06667e-17
       6638.5032  2.08384e-16  1.03839e-17
       6640.4495  1.96130e-16  1.02394e-17
       6642.3957  1.99598e-16  1.01655e-17
       6644.3419  1.92621e-16  1.01203e-17
       6646.2882  1.77494e-16  9.99457e-18
       6648.2344  1.81770e-16  9.98318e-18
       6650.1806  1.88731e-16  1.00986e-17
       6652.1269  1.85161e-16  1.01699e-17
       6654.0731  2.01484e-16  1.03733e-17
       6656.0193  2.14073e-16  1.04738e-17
       6657.9656  2.13850e-16  1.04171e-17
       6659.9118  2.20280e-16  1.03176e-17
       6661.8581  2.27976e-16  1.03842e-17
       6663.8043  2.09721e-16  1.03379e-17
       6665.7505  2.40107e-16  1.09052e-17
       6667.6968  3.13885e-16  1.19005e-17
       6669.6430  3.72175e-16  1.23057e-17
       6671.5892  3.53006e-16  1.21875e-17
       6673.5355  2.77036e-16  1.13271e-17
       6675.4817  2.02656e-16  1.03262e-17
       6677.4279  1.75957e-16  9.89922e-18
       6679.3742  1.71820e-16  9.71327e-18
       6681.3204  1.74449e-16  9.75106e-18
       6683.2666  1.83024e-16  9.79786e-18
       6685.2129  1.88017e-16  9.86341e-18
       6687.1591  1.98741e-16  1.02021e-17
       6689.1053  2.26568e-16  1.06735e-17
       6691.0516  2.39409e-16  1.08872e-17
       6692.9978  2.36014e-16  1.09181e-17
       6694.9440  2.12142e-16  1.04942e-17
       6696.8903  1.83396e-16  9.98412e-18
       6698.8365  1.72595e-16  9.94976e-18
       6700.7827  1.80810e-16  1.00653e-17
       6702.7290  1.86029e-16  1.01210e-17
       6704.6752  1.90294e-16  1.01892e-17
       6706.6214  1.74356e-16  1.01209e-17
       6708.5677  1.78830e-16  1.01043e-17
       6710.5139  1.77636e-16  1.00341e-17
       6712.4602  1.63361e-16  9.91584e-18
       6714.4064  1.62877e-16  9.82797e-18
       6716.3526  1.57205e-16  9.64035e-18
       6718.2989  1.61207e-16  9.64471e-18
       6720.2451  1.67091e-16  9.79062e-18
       6722.1913  1.64368e-16  9.75383e-18
       6724.1376  1.50884e-16  9.51186e-18
       6726.0838  1.44258e-16  9.37270e-18
       6728.0300  1.38876e-16  9.47993e-18
       6729.9763  1.42011e-16  9.49901e-18
       6731.9225  1.54645e-16  9.58766e-18
       6733.8687  1.59604e-16  9.71006e-18
       6735.8150  1.57367e-16  9.61484e-18
       6737.7612  1.58201e-16  9.59038e-18
       6739.7074  1.61916e-16  9.78950e-18
       6741.6537  1.46070e-16  9.84202e-18
       6743.5999  1.58704e-16  9.87530e-18
       6745.5461  1.71430e-16  9.78769e-18
       6747.4924  1.58415e-16  9.57292e-18
       6749.4386  1.51099e-16  9.43381e-18
       6751.3848  1.57417e-16  9.42834e-18
       6753.3311  1.65230e-16  9.52784e-18
       6755.2773  1.56923e-16  9.40640e-18
       6757.2235  1.58005e-16  9.41650e-18
       6759.1698  1.50185e-16  9.29979e-18
       6761.1160  1.49885e-16  9.19246e-18
       6763.0622  1.38353e-16  9.07717e-18
       6765.0085  1.27246e-16  8.94858e-18
       6766.9547  1.35983e-16  9.04775e-18
       6768.9010  1.44659e-16  9.12433e-18
       6770.8472  1.46853e-16  9.00768e-18
       6772.7934  1.34021e-16  8.87982e-18
       6774.7397  1.21734e-16  8.87196e-18
       6776.6859  1.25124e-16  8.84307e-18
       6778.6321  1.35083e-16  8.90464e-18
       6780.5784  1.29248e-16  8.82564e-18
       6782.5246  1.28500e-16  8.65567e-18
       6784.4708  1.31444e-16  8.66505e-18
       6786.4171  1.27041e-16  8.68649e-18
       6788.3633  1.26941e-16  8.80552e-18
       6790.3095  1.20108e-16  8.66866e-18
       6792.2558  1.23126e-16  8.45374e-18
       6794.2020  1.28480e-16  8.50038e-18
       6796.1482  1.17089e-16  8.54048e-18
       6798.0945  1.33301e-16  8.65401e-18
       6800.0407  1.32153e-16  8.62935e-18
       6801.9869  1.30783e-16  8.59100e-18
       6803.9332  1.22314e-16  8.58217e-18
       6805.8794  1.27009e-16  8.49896e-18
       6807.8256  1.25852e-16  8.50162e-18
       6809.7719  1.29956e-16  8.65046e-18
       6811.7181  1.37041e-16  8.64485e-18
       6813.6643  1.29083e-16  8.68205e-18
       6815.6106  1.28761e-16  8.73891e-18
       6817.5568  1.15989e-16  8.56839e-18
       6819.5031  1.11772e-16  8.56569e-18
       6821.4493  9.58248e-17  7.89593e-18
       6823.3955  7.36986e-17  7.80423e-18
       6825.3418  1.07976e-16  1.05473e-17
       6827.2880  1.14899e-16  1.20402e-17
       6829.2342  1.12701e-16  1.28316e-17
       6831.1805  1.13709e-16  1.30558e-17
       6833.1267  1.03771e-16  1.25265e-17
       6835.0729  9.32501e-17  1.18671e-17
       6837.0192  1.14286e-16  1.10185e-17
       6838.9654  1.20447e-16  1.00375e-17
       6840.9116  1.09808e-16  9.73568e-18
       6842.8579  1.00864e-16  9.57801e-18
       6844.8041  1.10592e-16  9.08632e-18
       6846.7503  1.19396e-16  8.59443e-18
       6848.6966  9.80320e-17  8.50251e-18
       6850.6428  1.18263e-16  8.72497e-18
       6852.5890  1.28040e-16  8.68735e-18
       6854.5353  1.05898e-16  8.40877e-18
       6856.4815  1.06327e-16  8.49658e-18
       6858.4277  8.97071e-17  8.78343e-18
       6860.3740  9.95533e-17  1.08206e-17
       6862.3202  1.02625e-16  1.28820e-17
       6864.2664  1.00492e-16  1.34269e-17
       6866.2127  9.55663e-17  1.21560e-17
       6868.1589  8.30646e-17  9.51379e-18
       6870.1051  7.56591e-17  7.92957e-18
       6872.0514  8.17161e-17  7.49200e-18
       6873.9976  8.33330e-17  7.39292e-18
       6875.9439  8.31670e-17  7.27726e-18
       6877.8901  8.90849e-17  7.81302e-18
       6879.8363  9.83555e-17  8.36916e-18
       6881.7826  1.04478e-16  8.69675e-18
       6883.7288  1.08324e-16  8.69221e-18
       6885.6750  9.52155e-17  8.64790e-18
       6887.6213  9.04537e-17  8.86638e-18
       6889.5675  8.62545e-17  8.94524e-18
       6891.5137  9.76565e-17  8.70151e-18
       6893.4600  1.06677e-16  8.18678e-18
       6895.4062  1.00214e-16  7.96865e-18
       6897.3524  1.03635e-16  8.23564e-18
       6899.2987  9.89330e-17  8.65435e-18
       6901.2449  9.85648e-17  8.95922e-18
       6903.1911  1.05545e-16  8.78446e-18
       6905.1374  1.16372e-16  8.40565e-18
       6907.0836  1.06803e-16  8.21902e-18
       6909.0298  9.64717e-17  8.68048e-18
       6910.9761  1.02158e-16  9.54596e-18
       6912.9223  1.06062e-16  9.97629e-18
       6914.8685  9.04377e-17  9.49951e-18
       6916.8148  9.86437e-17  8.68432e-18
       6918.7610  9.22003e-17  8.66858e-18
       6920.7072  9.00055e-17  1.00355e-17
       6922.6535  9.74955e-17  1.09727e-17
       6924.5997  8.27641e-17  1.08158e-17
       6926.5459  8.69311e-17  9.75710e-18
       6928.4922  9.52179e-17  8.57397e-18
       6930.4384  9.77322e-17  8.06864e-18
       6932.3847  1.05043e-16  8.03444e-18
       6934.3309  1.08655e-16  8.37172e-18
       6936.2771  1.00559e-16  9.07688e-18
       6938.2234  9.48266e-17  9.78600e-18
       6940.1696  9.49921e-17  9.94379e-18
       6942.1158  1.20500e-16  9.61259e-18
       6944.0621  9.50213e-17  9.18323e-18
       6946.0083  1.04202e-16  1.03537e-17
       6947.9545  9.13941e-17  1.16319e-17
       6949.9008  9.47247e-17  1.18652e-17
       6951.8470  1.28216e-16  1.10238e-17
       6953.7932  1.28172e-16  9.64034e-18
       6955.7395  1.24170e-16  8.91644e-18
       6957.6857  1.09832e-16  8.61543e-18
       6959.6319  1.19714e-16  8.73881e-18
       6961.5782  1.24512e-16  8.73919e-18
       6963.5244  1.28771e-16  8.91160e-18
       6965.4706  1.24296e-16  9.11585e-18
       6967.4169  1.27914e-16  9.48817e-18
       6969.3631  1.16263e-16  9.69879e-18
       6971.3093  1.13498e-16  9.63787e-18
       6973.2556  1.25073e-16  9.54024e-18
       6975.2018  1.17447e-16  1.00790e-17
       6977.1480  8.98079e-17  1.06647e-17
       6979.0943  1.06980e-16  1.08789e-17
       6981.0405  1.23542e-16  1.02883e-17
       6982.9868  1.07827e-16  9.22765e-18
       6984.9330  1.14731e-16  8.60419e-18
       6986.8792  1.19500e-16  8.48668e-18
       6988.8255  9.66718e-17  8.42191e-18
       6990.7717  9.72694e-17  8.22894e-18
       6992.7179  9.23028e-17  8.18340e-18
       6994.6642  1.16050e-16  8.29278e-18
       6996.6104  1.17838e-16  8.28033e-18
       6998.5566  1.05218e-16  8.46735e-18
       7000.5029  1.02511e-16  8.62934e-18
       7002.4491  1.13506e-16  8.91788e-18
       7004.3953  1.16780e-16  9.11076e-18
       7006.3416  1.14722e-16  9.04216e-18
       7008.2878  1.21867e-16  9.20772e-18
       7010.2340  1.20624e-16  9.48248e-18
       7012.1803  1.14724e-16  9.65529e-18
       7014.1265  1.12381e-16  9.23818e-18
       7016.0727  1.23718e-16  8.67709e-18
       7018.0190  1.00356e-16  8.68685e-18
       7019.9652  1.11769e-16  8.46040e-18
       7021.9114  1.09871e-16  8.32077e-18
       7023.8577  1.12548e-16  8.31341e-18
       7025.8039  1.11881e-16  8.29853e-18
       7027.7501  9.38396e-17  8.17885e-18
       7029.6964  9.34222e-17  8.25958e-18
       7031.6426  1.07758e-16  8.38494e-18
       7033.5888  1.02134e-16  8.36897e-18
       7035.5351  9.05508e-17  8.19845e-18
       7037.4813  9.48274e-17  8.31485e-18
       7039.4276  1.17013e-16  8.65615e-18
       7041.3738  1.13094e-16  8.81432e-18
       7043.3200  9.62102e-17  8.89309e-18
       7045.2663  8.25645e-17  9.23345e-18
       7047.2125  8.84263e-17  9.65069e-18
       7049.1587  9.29846e-17  9.90264e-18
       7051.1050  1.05240e-16  9.75155e-18
       7053.0512  1.17116e-16  9.28919e-18
       7054.9974  1.09697e-16  8.84091e-18
       7056.9437  1.20582e-16  8.62588e-18
       7058.8899  1.09544e-16  8.62951e-18
       7060.8361  1.04645e-16  8.68763e-18
       7062.7824  9.77847e-17  8.89961e-18
       7064.7286  1.07853e-16  9.20103e-18
       7066.6748  1.21610e-16  9.28716e-18
       7068.6211  1.21738e-16  9.17982e-18
       7070.5673  1.17993e-16  9.23852e-18
       7072.5135  1.20109e-16  9.26120e-18
       7074.4598  1.15179e-16  9.10023e-18
       7076.4060  1.22085e-16  9.19415e-18
       7078.3522  1.20427e-16  9.20899e-18
       7080.2985  1.10222e-16  9.07757e-18
       7082.2447  1.09622e-16  9.19204e-18
       7084.1909  1.10615e-16  9.23936e-18
       7086.1372  1.06881e-16  9.31028e-18
       7088.0834  9.89865e-17  9.28976e-18
       7090.0296  1.08199e-16  9.45127e-18
       7091.9759  9.53723e-17  9.12024e-18
       7093.9221  9.00323e-17  8.83768e-18
       7095.8684  1.00901e-16  8.73286e-18
       7097.8146  1.03680e-16  8.61780e-18
       7099.7608  1.08516e-16  8.65980e-18
       7101.7071  1.14224e-16  8.76059e-18
       7103.6533  1.07584e-16  8.86467e-18
       7105.5995  1.12420e-16  8.84800e-18
       7107.5458  1.24939e-16  8.89281e-18
       7109.4920  1.11516e-16  8.86907e-18
       7111.4382  1.00953e-16  8.82745e-18
       7113.3845  1.07476e-16  8.80041e-18
       7115.3307  1.18881e-16  8.92531e-18
       7117.2769  1.24919e-16  8.96220e-18
       7119.2232  1.28400e-16  8.92073e-18
       7121.1694  1.19689e-16  8.90703e-18
       7123.1156  1.29406e-16  9.03799e-18
       7125.0619  1.31668e-16  9.14917e-18
       7127.0081  1.04160e-16  9.04934e-18
       7128.9543  1.03165e-16  9.05593e-18
       7130.9006  1.08033e-16  9.01871e-18
       7132.8468  1.00869e-16  8.91984e-18
       7134.7930  1.07469e-16  8.98556e-18
       7136.7393  1.17104e-16  8.81503e-18
       7138.6855  1.11816e-16  8.63873e-18
       7140.6317  1.07014e-16  8.94420e-18
       7142.5780  1.16096e-16  9.48990e-18
       7144.5242  1.18429e-16  9.64250e-18
       7146.4705  1.14605e-16  9.60168e-18
       7148.4167  1.18227e-16  9.44638e-18
       7150.3629  1.11753e-16  9.18680e-18
       7152.3092  1.13740e-16  9.01659e-18
       7154.2554  1.14673e-16  8.90315e-18
       7156.2016  1.12165e-16  9.03133e-18
       7158.1479  1.06459e-16  9.20538e-18
       7160.0941  1.18763e-16  9.32196e-18
       7162.0403  1.09141e-16  9.23708e-18
       7163.9866  1.27569e-16  9.30474e-18
       7165.9328  1.22924e-16  9.16280e-18
       7167.8790  1.18892e-16  9.00584e-18
       7169.8253  1.18234e-16  8.75968e-18
       7171.7715  1.14118e-16  8.75804e-18
       7173.7177  1.09905e-16  8.68849e-18
       7175.6640  1.13313e-16  8.74257e-18
       7177.6102  1.03989e-16  8.67535e-18
       7179.5564  1.04447e-16  8.73095e-18
       7181.5027  1.07150e-16  8.57911e-18
       7183.4489  9.36547e-17  8.20877e-18
       7185.3951  9.04691e-17  7.95607e-18
       7187.3414  9.92982e-17  7.92133e-18
       7189.2876  1.05571e-16  7.88215e-18
       7191.2338  8.85464e-17  7.93079e-18
       7193.1801  9.68002e-17  7.97255e-18
       7195.1263  9.94532e-17  7.99497e-18
       7197.0725  1.07170e-16  8.34138e-18
       7199.0188  1.02171e-16  8.09724e-18
       7200.9650  1.12626e-16  8.20825e-18
       7202.9113  1.04794e-16  8.14104e-18
       7204.8575  9.77549e-17  8.06964e-18
       7206.8037  1.17050e-16  8.17901e-18
       7208.7500  1.16401e-16  8.32152e-18
       7210.6962  1.15515e-16  8.40240e-18
       7212.6424  1.23690e-16  8.52745e-18
       7214.5887  1.17826e-16  8.34217e-18
       7216.5349  1.21659e-16  8.48407e-18
       7218.4811  1.05988e-16  8.49808e-18
       7220.4274  9.82549e-17  8.56555e-18
       7222.3736  1.01991e-16  8.71571e-18
       7224.3198  1.01737e-16  8.86703e-18
       7226.2661  1.17192e-16  8.71577e-18
       7228.2123  9.45076e-17  8.58489e-18
       7230.1585  9.30787e-17  8.68675e-18
       7232.1048  1.02716e-16  8.81892e-18
       7234.0510  9.01864e-17  9.14289e-18
       7235.9972  7.87463e-17  1.13374e-17
       7237.9435  5.68668e-17  1.45090e-17
       7239.8897  9.03744e-17  1.67528e-17
       7241.8359  5.97386e-17  1.80125e-17
       7243.7822  6.65883e-17  1.80747e-17
       7245.7284  9.25347e-17  1.70596e-17
       7247.6746  8.14468e-17  1.50286e-17
       7249.6209  9.40832e-17  1.22242e-17
       7251.5671  9.41980e-17  1.12081e-17
       7253.5134  8.45114e-17  1.11330e-17
       7255.4596  9.17045e-17  1.09189e-17
       7257.4058  1.01898e-16  1.00346e-17
       7259.3521  9.70768e-17  9.15467e-18
       7261.2983  9.73776e-17  8.86563e-18
       7263.2445  1.04490e-16  8.83761e-18
       7265.1908  8.92924e-17  8.88991e-18
       7267.1370  9.12015e-17  9.07590e-18
       7269.0832  9.78806e-17  9.36487e-18
       7271.0295  7.20346e-17  1.01800e-17
       7272.9757  6.15559e-17  1.34210e-17
       7274.9219  7.97831e-17  1.71293e-17
       7276.8682  9.49048e-17  1.80563e-17
       7278.8144  8.70931e-17  1.65360e-17
       7280.7606  9.15962e-17  1.36684e-17
       7282.7069  1.12480e-16  1.33568e-17
       7284.6531  8.82897e-17  1.35713e-17
       7286.5993  7.11891e-17  1.27403e-17
       7288.5456  9.78521e-17  1.08950e-17
       7290.4918  1.05205e-16  9.63587e-18
       7292.4380  1.04217e-16  9.70245e-18
       7294.3843  1.00632e-16  1.01913e-17
       7296.3305  1.03057e-16  1.03762e-17
       7298.2767  1.05919e-16  1.01890e-17
       7300.2230  8.98821e-17  1.01204e-17
       7302.1692  6.55614e-17  1.09227e-17
       7304.1154  8.21694e-17  1.14576e-17
       7306.0617  9.87515e-17  1.09527e-17
       7308.0079  1.01388e-16  9.90686e-18
       7309.9542  9.14625e-17  9.28965e-18
       7311.9004  8.53696e-17  1.06840e-17
       7313.8466  9.90202e-17  1.40932e-17
       7315.7929  1.06802e-16  1.61247e-17
       7317.7391  1.08959e-16  1.60927e-17
       7319.6853  1.24646e-16  1.34969e-17
       7321.6316  1.05818e-16  1.01740e-17
       7323.5778  1.02052e-16  9.22282e-18
       7325.5240  1.06110e-16  1.04744e-17
       7327.4703  1.14211e-16  1.24373e-17
       7329.4165  1.16433e-16  1.32972e-17
       7331.3627  1.24271e-16  1.27325e-17
       7333.3090  1.30468e-16  1.10722e-17
       7335.2552  1.22187e-16  1.02805e-17
       7337.2014  9.81546e-17  1.29358e-17
       7339.1477  9.55439e-17  1.68208e-17
       7341.0939  8.53631e-17  1.84386e-17
       7343.0401  9.77516e-17  1.72319e-17
       7344.9864  1.26271e-16  1.34183e-17
       7346.9326  1.15338e-16  1.02552e-17
       7348.8788  1.10390e-16  9.54483e-18
       7350.8251  1.21142e-16  9.65676e-18
       7352.7713  1.32074e-16  9.82982e-18
       7354.7175  1.21002e-16  1.04795e-17
       7356.6638  1.32643e-16  1.21498e-17
       7358.6100  1.32900e-16  1.30561e-17
       7360.5562  1.27586e-16  1.27301e-17
       7362.5025  1.37901e-16  1.15334e-17
       7364.4487  1.29957e-16  1.12099e-17
       7366.3950  1.24194e-16  1.39184e-17
       7368.3412  1.34361e-16  1.66099e-17
       7370.2874  1.47671e-16  1.71548e-17
       7372.2337  1.44680e-16  1.51792e-17
       7374.1799  1.36491e-16  1.19401e-17
       7376.1261  1.40667e-16  1.02943e-17
       7378.0724  1.40845e-16  9.83863e-18
       7380.0186  1.44416e-16  9.68856e-18
       7381.9648  1.58159e-16  9.79081e-18
       7383.9111  1.53521e-16  9.70547e-18
       7385.8573  1.43516e-16  9.59761e-18
       7387.8035  1.29986e-16  1.01929e-17
       7389.7498  1.31357e-16  1.14302e-17
       7391.6960  1.36114e-16  1.23598e-17
       7393.6422  1.19899e-16  1.22427e-17
       7395.5885  1.35433e-16  1.12818e-17
       7397.5347  1.51462e-16  1.12195e-17
       7399.4809  1.49173e-16  1.31132e-17
       7401.4272  1.51256e-16  1.48976e-17
       7403.3734  1.35199e-16  1.47072e-17
       7405.3196  1.25677e-16  1.26531e-17
       7407.2659  1.35357e-16  1.03772e-17
       7409.2121  1.33590e-16  9.67056e-18
       7411.1583  1.52287e-16  9.78639e-18
       7413.1046  1.65112e-16  1.01174e-17
       7415.0508  1.55914e-16  9.95467e-18
       7416.9971  1.49771e-16  9.88574e-18
       7418.9433  1.52277e-16  9.95572e-18
       7420.8895  1.62613e-16  9.84076e-18
       7422.8358  1.42031e-16  9.67362e-18
       7424.7820  1.38675e-16  9.75561e-18
       7426.7282  1.62260e-16  1.04463e-17
       7428.6745  1.32018e-16  1.11259e-17
       7430.6207  1.38164e-16  1.13206e-17
       7432.5669  1.32674e-16  1.08383e-17
       7434.5132  1.15149e-16  1.05147e-17
       7436.4594  1.28696e-16  1.17674e-17
       7438.4056  1.39996e-16  1.26736e-17
       7440.3519  1.38030e-16  1.24114e-17
       7442.2981  1.47346e-16  1.13152e-17
       7444.2443  1.34348e-16  9.97381e-18
       7446.1906  1.21244e-16  9.53413e-18
       7448.1368  1.41621e-16  9.56533e-18
       7450.0830  1.49695e-16  9.52461e-18
       7452.0293  1.52388e-16  9.54933e-18
       7453.9755  1.57220e-16  9.71502e-18
       7455.9217  1.40103e-16  9.79548e-18
       7457.8680  1.38380e-16  9.79715e-18
       7459.8142  1.60865e-16  1.03314e-17
       7461.7604  1.39802e-16  1.06043e-17
       7463.7067  1.45976e-16  1.08918e-17
       7465.6529  1.55115e-16  1.13093e-17
       7467.5991  1.51321e-16  1.15339e-17
       7469.5454  1.35594e-16  1.21021e-17
       7471.4916  1.29132e-16  1.26556e-17
       7473.4379  1.41968e-16  1.27496e-17
       7475.3841  1.37693e-16  1.25545e-17
       7477.3303  1.37489e-16  1.26201e-17
       7479.2766  1.13249e-16  1.27534e-17
       7481.2228  1.01834e-16  1.31296e-17
       7483.1690  1.03885e-16  1.28453e-17
       7485.1153  1.18570e-16  1.20334e-17
       7487.0615  1.17797e-16  1.08851e-17
       7489.0077  1.22482e-16  9.97544e-18
       7490.9540  1.33628e-16  1.00481e-17
       7492.9002  1.02621e-16  1.01927e-17
       7494.8464  1.04554e-16  1.02212e-17
       7496.7927  1.21983e-16  1.00273e-17
       7498.7389  1.17527e-16  9.88613e-18
       7500.6851  1.20595e-16  9.76367e-18
       7502.6314  1.25981e-16  9.58535e-18
       7504.5776  1.16796e-16  9.60346e-18
       7506.5238  1.21699e-16  9.55439e-18
       7508.4701  1.14816e-16  9.53075e-18
       7510.4163  1.22612e-16  9.45925e-18
       7512.3625  1.34615e-16  9.91220e-18
       7514.3088  1.41770e-16  1.02787e-17
       7516.2550  1.17503e-16  1.05198e-17
       7518.2012  1.24325e-16  1.11377e-17
       7520.1475  1.20984e-16  1.27031e-17
       7522.0937  1.18716e-16  1.50948e-17
       7524.0399  7.71414e-17  1.63234e-17
       7525.9862  1.06186e-16  1.58960e-17
       7527.9324  8.77708e-17  1.36062e-17
       7529.8787  1.15319e-16  1.21265e-17
       7531.8249  1.16497e-16  1.14011e-17
       7533.7711  1.00314e-16  1.08257e-17
       7535.7174  1.05051e-16  9.95912e-18
       7537.6636  1.02941e-16  9.58396e-18
       7539.6098  9.94738e-17  9.91255e-18
       7541.5561  8.05503e-17  9.82242e-18
       7543.5023  9.08004e-17  9.57848e-18
       7545.4485  1.11541e-16  9.54548e-18
       7547.3948  1.28487e-16  9.58013e-18
       7549.3410  1.31840e-16  9.60649e-18
       7551.2872  1.12646e-16  9.72621e-18
       7553.2335  9.92397e-17  9.77389e-18
       7555.1797  1.12171e-16  1.04843e-17
       7557.1259  1.22162e-16  1.11528e-17
       7559.0722  1.20937e-16  1.10512e-17
       7561.0184  1.30509e-16  1.04848e-17
       7562.9646  1.15980e-16  9.95068e-18
       7564.9109  8.47288e-17  9.81340e-18
       7566.8571  1.03662e-16  1.05933e-17
       7568.8033  7.65327e-17  1.24857e-17
       7570.7496  6.69350e-17  1.40061e-17
       7572.6958  9.19432e-17  1.43165e-17
       7574.6420  8.63180e-17  1.30508e-17
       7576.5883  7.95906e-17  1.09336e-17
       7578.5345  8.53267e-17  9.64012e-18
       7580.4808  9.99177e-17  9.24614e-18
       7582.4270  1.07492e-16  9.56356e-18
       7584.3732  1.03237e-16  1.03616e-17
       7586.3195  9.49825e-17  1.10113e-17
       7588.2657  8.98270e-17  1.07041e-17
       7590.2119  9.95872e-17  9.75674e-18
       7592.1582  1.03463e-16  8.88927e-18
       7594.1044  7.65276e-17  8.11245e-18
       7596.0506  6.18733e-17  8.05117e-18
       7597.9969  4.46058e-17  8.02031e-18
       7599.9431  2.90354e-17  7.27569e-18
       7601.8893  3.03480e-17  6.06605e-18
       7603.8356  1.28871e-17  4.33986e-18
       7605.7818  1.34071e-17  3.91868e-18
       7607.7280  2.25241e-17  4.26057e-18
       7609.6743  1.97218e-17  4.27786e-18
       7611.6205  1.61714e-17  5.08930e-18
       7613.5667  1.31290e-17  6.11491e-18
       7615.5130  2.62954e-17  7.65579e-18
       7617.4592  3.01334e-17  8.97412e-18
       7619.4054  2.60497e-17  9.52565e-18
       7621.3517  4.26105e-17  9.16948e-18
       7623.2979  4.46853e-17  8.06423e-18
       7625.2441  3.99401e-17  7.89840e-18
       7627.1904  3.13369e-17  8.24081e-18
       7629.1366  2.62488e-17  8.38998e-18
       7631.0828  3.18787e-17  8.08674e-18
       7633.0291  4.11321e-17  7.19009e-18
       7634.9753  4.34241e-17  6.54420e-18
       7636.9216  4.02610e-17  6.52927e-18
       7638.8678  4.29440e-17  6.81013e-18
       7640.8140  5.49009e-17  7.33365e-18
       7642.7603  4.31331e-17  7.33452e-18
       7644.7065  6.44126e-17  7.62434e-18
       7646.6527  6.57835e-17  7.63299e-18
       7648.5990  6.04946e-17  7.91282e-18
       7650.5452  7.12623e-17  8.63955e-18
       7652.4914  6.72578e-17  9.18117e-18
       7654.4377  6.87532e-17  9.24929e-18
       7656.3839  6.38517e-17  8.92796e-18
       7658.3301  7.09063e-17  9.19836e-18
       7660.2764  7.47781e-17  1.00120e-17
       7662.2226  9.14771e-17  1.05709e-17
       7664.1688  9.25137e-17  1.05177e-17
       7666.1151  8.40169e-17  9.85186e-18
       7668.0613  8.30002e-17  9.05695e-18
       7670.0075  9.19175e-17  9.07960e-18
       7671.9538  1.16123e-16  9.20355e-18
       7673.9000  9.45550e-17  8.89226e-18
       7675.8462  1.07397e-16  9.15210e-18
       7677.7925  1.05176e-16  9.28174e-18
       7679.7387  1.03278e-16  9.68946e-18
       7681.6849  1.08437e-16  9.97607e-18
       7683.6312  1.13774e-16  1.03928e-17
       7685.5774  1.03969e-16  1.04539e-17
       7687.5236  1.04411e-16  1.05826e-17
       7689.4699  1.05064e-16  1.07668e-17
       7691.4161  1.09268e-16  1.06732e-17
       7693.3624  1.13974e-16  1.05456e-17
       7695.3086  1.26150e-16  1.08555e-17
       7697.2548  9.65217e-17  1.11011e-17
       7699.2011  8.69879e-17  1.14405e-17
       7701.1473  1.11573e-16  1.12973e-17
       7703.0935  1.02858e-16  1.07086e-17
       7705.0398  8.40123e-17  9.99698e-18
       7706.9860  9.91787e-17  1.02688e-17
       7708.9322  7.30165e-17  1.32009e-17
       7710.8785  5.33488e-17  1.79211e-17
       7712.8247  3.40549e-17  2.12837e-17
       7714.7709  3.62818e-17  2.36398e-17
       7716.7172  6.00241e-17  2.33096e-17
       7718.6634  8.23561e-17  2.08996e-17
       7720.6096  8.94512e-17  1.71534e-17
       7722.5559  1.07458e-16  1.44657e-17
       7724.5021  1.14212e-16  1.41734e-17
       7726.4483  1.34421e-16  1.41305e-17
       7728.3946  1.18807e-16  1.31567e-17
       7730.3408  1.09580e-16  1.15826e-17
       7732.2870  9.24666e-17  1.07019e-17
       7734.2333  9.69668e-17  1.11326e-17
       7736.1795  1.12591e-16  1.13106e-17
       7738.1257  1.16338e-16  1.11313e-17
       7740.0720  1.23691e-16  1.09065e-17
       7742.0182  1.17265e-16  1.05328e-17
       7743.9645  1.01221e-16  1.09133e-17
       7745.9107  7.92999e-17  1.33035e-17
       7747.8569  6.41157e-17  1.90914e-17
       7749.8032  6.92586e-17  2.34080e-17
       7751.7494  7.57715e-17  2.36483e-17
       7753.6956  8.85174e-17  2.03011e-17
       7755.6419  8.11491e-17  1.51213e-17
       7757.5881  9.35752e-17  1.46256e-17
       7759.5343  1.10159e-16  1.60524e-17
       7761.4806  9.83922e-17  1.56858e-17
       7763.4268  1.25051e-16  1.36237e-17
       7765.3730  1.29165e-16  1.11641e-17
       7767.3193  1.11131e-16  1.02996e-17
       7769.2655  1.16234e-16  1.07431e-17
       7771.2117  1.22366e-16  1.21126e-17
       7773.1580  1.20863e-16  1.30481e-17
       7775.1042  1.19681e-16  1.29540e-17
       7777.0504  1.29579e-16  1.32835e-17
       7778.9967  1.65714e-16  1.44084e-17
       7780.9429  1.52604e-16  1.48013e-17
       7782.8891  1.31304e-16  1.42367e-17
       7784.8354  1.20158e-16  1.24880e-17
       7786.7816  1.12118e-16  1.15983e-17
       7788.7278  1.13112e-16  1.27226e-17
       7790.6741  1.04818e-16  1.62453e-17
       7792.6203  1.19230e-16  2.06225e-17
       7794.5665  1.12991e-16  2.17942e-17
       7796.5128  1.01432e-16  1.99410e-17
       7798.4590  1.17517e-16  1.53968e-17
       7800.4053  1.37915e-16  1.15737e-17
       7802.3515  1.49808e-16  1.11334e-17
       7804.2977  1.27203e-16  1.19130e-17
       7806.2440  1.05287e-16  1.42179e-17
       7808.1902  9.38931e-17  1.59658e-17
       7810.1364  1.11478e-16  1.58033e-17
       7812.0827  1.36122e-16  1.43395e-17
       7814.0289  1.28309e-16  1.24042e-17
       7815.9751  1.55674e-16  1.28788e-17
       7817.9214  1.41680e-16  1.63113e-17
       7819.8676  1.44348e-16  2.15058e-17
       7821.8138  1.68509e-16  2.37135e-17
       7823.7601  1.49074e-16  2.20123e-17
       7825.7063  1.54141e-16  1.72477e-17
       7827.6525  1.41158e-16  1.27117e-17
       7829.5988  1.50206e-16  1.17585e-17
       7831.5450  1.37717e-16  1.13684e-17
       7833.4912  1.46698e-16  1.11803e-17
       7835.4375  1.47696e-16  1.14461e-17
       7837.3837  1.45999e-16  1.28140e-17
       7839.3299  1.32165e-16  1.50365e-17
       7841.2762  1.53704e-16  1.62820e-17
       7843.2224  1.34347e-16  1.58046e-17
       7845.1686  1.38570e-16  1.41440e-17
       7847.1149  1.57154e-16  1.34302e-17
       7849.0611  1.19936e-16  1.59671e-17
       7851.0074  7.59119e-17  2.07988e-17
       7852.9536  9.91199e-17  2.42250e-17
       7854.8998  1.55380e-16  2.39399e-17
       7856.8461  1.46307e-16  2.13680e-17
       7858.7923  1.23316e-16  1.80533e-17
       7860.7385  1.26702e-16  1.73623e-17
       7862.6848  1.34046e-16  1.62939e-17
       7864.6310  1.54760e-16  1.49534e-17
       7866.5772  1.25754e-16  1.49751e-17
       7868.5235  1.36212e-16  1.70818e-17
       7870.4697  1.67501e-16  1.86985e-17
       7872.4159  1.64829e-16  1.76442e-17
       7874.3622  1.57489e-16  1.57624e-17
       7876.3084  1.58134e-16  1.49903e-17
       7878.2546  1.36984e-16  1.62115e-17
       7880.2009  1.50336e-16  1.74659e-17
       7882.1471  1.76456e-16  1.71859e-17
       7884.0933  1.53882e-16  1.58685e-17
       7886.0396  1.34729e-16  1.60498e-17
       7887.9858  1.36715e-16  1.89570e-17
       7889.9320  1.33560e-16  2.01173e-17
       7891.8783  1.67125e-16  1.97168e-17
       7893.8245  1.51087e-16  1.63897e-17
       7895.7707  1.37568e-16  1.33618e-17
       7897.7170  1.61868e-16  1.23135e-17
       7899.6632  1.52019e-16  1.19969e-17
       7901.6094  1.45685e-16  1.18607e-17
       7903.5557  1.40466e-16  1.18298e-17
       7905.5019  1.23957e-16  1.19663e-17
       7907.4482  1.29642e-16  1.29911e-17
       7909.3944  8.43180e-17  1.56412e-17
       7911.3406  8.12064e-17  2.14778e-17
       7913.2869  1.10418e-16  2.53221e-17
       7915.2331  1.17437e-16  2.52988e-17
       7917.1793  1.36400e-16  2.27817e-17
       7919.1256  9.03508e-17  2.02065e-17
       7921.0718  1.07472e-16  1.96766e-17
       7923.0180  1.40510e-16  1.89236e-17
       7924.9643  1.56329e-16  1.62550e-17
       7926.9105  1.35851e-16  1.43336e-17
       7928.8567  1.21621e-16  1.59270e-17
       7930.8030  1.41686e-16  1.77521e-17
       7932.7492  1.22368e-16  1.77308e-17
       7934.6954  1.35269e-16  1.58280e-17
       7936.6417  1.26486e-16  1.28564e-17
       7938.5879  1.30262e-16  1.16819e-17
       7940.5341  1.35662e-16  1.18202e-17
       7942.4804  1.20309e-16  1.19593e-17
       7944.4266  1.42427e-16  1.29598e-17
       7946.3728  1.38744e-16  1.43819e-17
       7948.3191  9.55853e-17  1.54323e-17
       7950.2653  1.10483e-16  1.56927e-17
       7952.2115  1.37335e-16  1.44219e-17
       7954.1578  1.25707e-16  1.22417e-17
       7956.1040  1.19637e-16  1.09801e-17
       7958.0502  1.02669e-16  1.13355e-17
       7959.9965  7.55679e-17  1.25752e-17
       7961.9427  8.43715e-17  1.69889e-17
       7963.8890  8.93016e-17  2.15143e-17
       7965.8352  9.40413e-17  2.25645e-17
       7967.7814  1.02221e-16  2.00975e-17
       7969.7277  1.09308e-16  1.53826e-17
       7971.6739  1.29550e-16  1.26835e-17
       7973.6201  1.25148e-16  1.26521e-17
       7975.5664  1.04436e-16  1.43039e-17
       7977.5126  9.76235e-17  1.66261e-17
       7979.4588  1.16499e-16  1.80216e-17
       7981.4051  1.10588e-16  1.73096e-17
       7983.3513  8.49880e-17  1.45700e-17
       7985.2975  8.60214e-17  1.21659e-17
       7987.2438  8.82688e-17  1.24339e-17
       7989.1900  7.74746e-17  1.56096e-17
       7991.1362  4.11406e-17  2.06378e-17
       7993.0825  5.32027e-17  2.42351e-17
       7995.0287  1.00105e-16  2.37542e-17
       7996.9749  1.04516e-16  1.98430e-17
       7998.9212  9.56582e-17  1.41961e-17
       8000.8674  9.64606e-17  1.20922e-17
       8002.8136  8.93252e-17  1.13094e-17
       8004.7599  7.84410e-17  1.10290e-17
       8006.7061  7.62753e-17  1.09726e-17
       8008.6523  7.63668e-17  1.10060e-17
       8010.5986  7.86733e-17  1.23067e-17
       8012.5448  8.37631e-17  1.48441e-17
       8014.4911  7.96874e-17  1.56126e-17
       8016.4373  9.19226e-17  1.53100e-17
       8018.3835  5.73859e-17  1.40666e-17
       8020.3298  6.89677e-17  1.36210e-17
       8022.2760  8.66264e-17  1.60928e-17
       8024.2222  8.20998e-17  2.00266e-17
       8026.1685  5.63219e-17  2.16680e-17
       8028.1147  8.25189e-17  2.05872e-17
       8030.0609  8.67291e-17  1.71938e-17
       8032.0072  8.75223e-17  1.31884e-17
       8033.9534  6.99957e-17  1.14641e-17
       8035.8996  6.25194e-17  1.05983e-17
       8037.8459  9.35009e-17  1.05874e-17
       8039.7921  7.50068e-17  1.02221e-17
       8041.7383  7.98331e-17  1.02875e-17
       8043.6846  7.92517e-17  1.03823e-17
       8045.6308  6.85001e-17  1.04494e-17
       8047.5770  7.43872e-17  1.13074e-17
       8049.5233  7.98840e-17  1.26964e-17
       8051.4695  6.23188e-17  1.35665e-17
       8053.4157  6.34420e-17  1.35213e-17
       8055.3620  7.11377e-17  1.28265e-17
       8057.3082  6.44438e-17  1.17331e-17
       8059.2544  5.07047e-17  1.32861e-17
       8061.2007  6.12580e-17  1.58623e-17
       8063.1469  6.58696e-17  1.64429e-17
       8065.0931  7.09021e-17  1.51901e-17
       8067.0394  6.75790e-17  1.21317e-17
       8068.9856  4.19785e-17  1.00237e-17
       8070.9319  5.02744e-17  9.60167e-18
       8072.8781  6.82912e-17  9.62635e-18
       8074.8243  5.11785e-17  1.00722e-17
       8076.7706  6.44927e-17  1.06225e-17
       8078.7168  4.63268e-17  1.06350e-17
       8080.6630  6.23981e-17  1.03536e-17
       8082.6093  6.28547e-17  1.06565e-17
       8084.5555  5.51980e-17  1.10106e-17
       8086.5017  5.15343e-17  1.09838e-17
       8088.4480  5.71581e-17  1.10290e-17
       8090.3942  6.75502e-17  1.13865e-17
       8092.3404  4.84065e-17  1.17082e-17
       8094.2867  3.66199e-17  1.19944e-17
       8096.2329  4.35150e-17  1.20977e-17
       8098.1791  2.89704e-17  1.15929e-17
       8100.1254  4.23214e-17  1.23466e-17
       8102.0716  4.23934e-17  1.30856e-17
       8104.0178  3.08816e-17  1.32708e-17
       8105.9641  4.97394e-17  1.27718e-17
       8107.9103  4.71907e-17  1.11366e-17
       8109.8565  4.30942e-17  1.04036e-17
       8111.8028  6.10092e-17  1.03979e-17
       8113.7490  6.01313e-17  1.02082e-17
       8115.6952  3.83794e-17  1.00542e-17
       8117.6415  3.18782e-17  9.80977e-18
       8119.5877  6.19561e-17  9.90259e-18
       8121.5339  5.48108e-17  1.00047e-17
       8123.4802  2.63679e-17  9.94121e-18
       8125.4264  3.33603e-17  1.00349e-17
       8127.3727  3.96666e-17  1.02027e-17
       8129.3189  3.73447e-17  1.03882e-17
       8131.2651  5.68904e-17  1.02013e-17
       8133.2114  7.39061e-17  1.02217e-17
       8135.1576  5.49989e-17  1.04786e-17
       8137.1038  4.07326e-17  1.07862e-17
       8139.0501  5.20607e-17  1.13156e-17
       8140.9963  4.98635e-17  1.15050e-17
       8142.9425  4.53307e-17  1.09689e-17
       8144.8888  5.68920e-17  1.09034e-17
       8146.8350  4.07529e-17  1.15745e-17
       8148.7812  4.07926e-17  1.13782e-17
       8150.7275  6.46339e-17  1.11277e-17
       8152.6737  7.44099e-17  1.03255e-17
       8154.6199  7.74543e-17  9.59659e-18
       8156.5662  5.97810e-17  9.05898e-18
       8158.5124  5.31377e-17  9.12888e-18
       8160.4586  4.95255e-17  9.27562e-18
       8162.4049  6.19614e-17  9.50141e-18
       8164.3511  5.77932e-17  9.51956e-18
       8166.2973  5.85664e-17  9.79380e-18
       8168.2436  7.45025e-17  1.01244e-17
       8170.1898  7.24431e-17  1.00817e-17
       8172.1360  6.40390e-17  1.02923e-17
       8174.0823  7.07104e-17  1.10318e-17
       8176.0285  7.36965e-17  1.09005e-17
       8177.9748  7.43330e-17  1.05294e-17
       8179.9210  8.07894e-17  1.14037e-17
       8181.8672  6.53020e-17  1.22440e-17
       8183.8135  7.07542e-17  1.30885e-17
       8185.7597  5.44238e-17  1.31246e-17
       8187.7059  6.04382e-17  1.34649e-17
       8189.6522  6.53282e-17  1.33545e-17
       8191.5984  6.07392e-17  1.33560e-17
       8193.5446  6.79122e-17  1.33116e-17
       8195.4909  5.20213e-17  1.36327e-17
       8197.4371  4.58267e-17  1.36878e-17
       8199.3833  7.45349e-17  1.26007e-17
       8201.3296  5.37735e-17  1.20764e-17
       8203.2758  4.21777e-17  1.19729e-17
       8205.2220  4.88613e-17  1.21373e-17
       8207.1683  4.01026e-17  1.18795e-17
       8209.1145  5.58465e-17  1.16901e-17
       8211.0607  5.88095e-17  1.16257e-17
       8213.0070  5.52267e-17  1.12037e-17
       8214.9532  5.80936e-17  1.12123e-17
       8216.8994  4.92015e-17  1.10207e-17
       8218.8457  7.64554e-17  1.12363e-17
       8220.7919  8.70529e-17  1.10964e-17
       8222.7381  7.10550e-17  1.06532e-17
       8224.6844  5.82642e-17  1.04317e-17
       8226.6306  5.52808e-17  1.01089e-17
       8228.5768  4.64109e-17  9.10006e-18
       8230.5231  4.95979e-17  9.32626e-18
       8232.4693  4.11085e-17  1.03058e-17
       8234.4156  5.01524e-17  1.04409e-17
       8236.3618  7.78845e-17  1.10692e-17
       8238.3080  6.82300e-17  1.12819e-17
       8240.2543  5.62404e-17  1.09704e-17
       8242.2005  4.61198e-17  1.12207e-17
       8244.1467  3.62622e-17  1.09648e-17
       8246.0930  3.60595e-17  1.12244e-17
       8248.0392  4.74018e-17  1.15061e-17
       8249.9854  6.00701e-17  1.15972e-17
       8251.9317  6.50386e-17  1.16111e-17
       8253.8779  4.09587e-17  1.08741e-17
       8255.8241  5.46960e-17  1.10115e-17
       8257.7704  8.50580e-17  1.14532e-17
       8259.7166  8.06407e-17  1.12493e-17
       8261.6628  6.57348e-17  1.13315e-17
       8263.6091  6.24150e-17  1.14704e-17
       8265.5553  6.53640e-17  1.16383e-17
       8267.5015  5.61938e-17  1.21150e-17
       8269.4478  4.95764e-17  1.17664e-17
       8271.3940  5.03774e-17  1.22785e-17
       8273.3402  5.28484e-17  1.37088e-17
       8275.2865  4.94832e-17  1.57549e-17
       8277.2327  5.40330e-17  1.93936e-17
       8279.1789  4.93241e-17  2.36801e-17
       8281.1252  8.14506e-17  2.68071e-17
       8283.0714  1.00166e-16  2.69958e-17
       8285.0177  6.66067e-17  2.64482e-17
       8286.9639  1.79221e-17  2.76249e-17
       8288.9101  7.59205e-18  2.87612e-17
       8290.8564  4.05758e-17  2.76343e-17
       8292.8026  4.62389e-17  2.48862e-17
       8294.7488  7.03677e-17  2.42118e-17
       8296.6951  2.07509e-17  2.75988e-17
       8298.6413  1.82551e-17  3.07520e-17
       8300.5875  7.41512e-17  2.93834e-17
       8302.5338  5.95456e-17  2.48409e-17
       8304.4800  5.44505e-17  1.84820e-17
       8306.4262  4.86596e-17  1.57004e-17
       8308.3725  5.90596e-17  1.71781e-17
       8310.3187  1.19303e-17  1.88334e-17
       8312.2649  4.05978e-17  1.87758e-17
       8314.2112  5.29446e-17  1.71940e-17
       8316.1574  7.05710e-17  1.44303e-17
       8318.1036  6.77181e-17  1.30296e-17
       8320.0499  4.70720e-17  1.28121e-17
       8321.9961  5.10771e-17  1.26398e-17
       8323.9423  6.17581e-17  1.20849e-17
       8325.8886  5.12154e-17  1.17703e-17
       8327.8348  5.44881e-17  1.20411e-17
       8329.7810  6.19753e-17  1.24087e-17
       8331.7273  8.17993e-17  1.31342e-17
       8333.6735  6.83743e-17  1.40504e-17
       8335.6197  1.56702e-17  1.72457e-17
       8337.5660  4.48517e-17  2.16311e-17
       8339.5122  4.75178e-17  2.57758e-17
       8341.4585  2.01969e-17  3.24685e-17
       8343.4047  9.25053e-17  4.27778e-17
       8345.3509  2.92447e-17  4.57749e-17
       8347.2972  3.37996e-17  4.29181e-17
       8349.2434  1.07651e-16  3.36907e-17
       8351.1896  8.10198e-17  2.87742e-17
       8353.1359  1.84703e-17  2.91950e-17
       8355.0821  6.33915e-17  2.75112e-17
       8357.0283  1.98545e-18  2.25987e-17
       8358.9746  6.80800e-17  1.79875e-17
       8360.9208  7.36860e-17  1.78615e-17
       8362.8670  1.28209e-16  2.05069e-17
       8364.8133  1.08155e-16  2.13858e-17
       8366.7595  1.13816e-16  2.11645e-17
       8368.7057  5.73396e-17  1.78902e-17
       8370.6520  6.64395e-17  1.47939e-17
       8372.5982  7.70800e-17  1.43778e-17
       8374.5444  5.40265e-17  1.43887e-17
       8376.4907  6.44826e-17  1.63924e-17
       8378.4369  6.53482e-17  1.88482e-17
       8380.3831  6.86675e-17  2.33097e-17
       8382.3294  5.63910e-17  2.54688e-17
       8384.2756  7.64852e-17  2.52752e-17
       8386.2218  7.69218e-17  2.17591e-17
       8388.1681  5.50381e-17  1.75616e-17
       8390.1143  3.74977e-17  1.72042e-17
       8392.0605  1.89912e-17  2.05949e-17
       8394.0068  2.02162e-17  2.29583e-17
       8395.9530  4.27703e-18  2.84356e-17
       8397.8993  3.15580e-17  3.76057e-17
       8399.8455  3.81250e-17  4.16009e-17
       8401.7917  4.90821e-17  3.89711e-17
       8403.7380  8.24442e-17  2.82228e-17
       8405.6842  7.15296e-17  1.92528e-17
       8407.6304  4.53317e-17  1.74511e-17
       8409.5767  3.03851e-17  1.76739e-17
       8411.5229  4.33462e-17  1.95206e-17
       8413.4691  4.64009e-17  2.47733e-17
       8415.4154  4.21413e-17  2.84407e-17
       8417.3616  2.55349e-17  2.84735e-17
       8419.3078  3.24359e-17  2.43890e-17
       8421.2541  5.77181e-17  2.11099e-17
       8423.2003  4.42279e-17  2.32526e-17
       8425.1465  4.18795e-17  2.63153e-17
       8427.0928  1.83831e-17  3.28449e-17
       8429.0390  3.00605e-17  4.23659e-17
       8430.9852  1.03505e-16  4.63959e-17
       8432.9315  1.10361e-16  4.23872e-17
       8434.8777  9.09468e-17  3.06529e-17
       8436.8239  9.44776e-17  1.96410e-17
       8438.7702  8.03509e-17  1.62168e-17
       8440.7164  5.53502e-17  1.49061e-17
       8442.6626  5.77375e-17  1.52174e-17
       8444.6089  7.60263e-17  1.72192e-17
       8446.5551  1.12258e-16  1.90005e-17
       8448.5014  7.88828e-17  2.02009e-17
       8450.4476  4.74358e-17  2.43451e-17
       8452.3938  6.42030e-17  2.84970e-17
       8454.3401  5.85736e-17  2.85665e-17
       8456.2863  7.68467e-17  2.64417e-17
       8458.2325  5.61657e-17  2.38628e-17
       8460.1788  4.37005e-17  2.37923e-17
       8462.1250  1.70869e-17  2.87171e-17
       8464.0712  8.28913e-17  3.72591e-17
       8466.0175  1.32068e-16  4.01627e-17
       8467.9637  1.08893e-16  3.76095e-17
       8469.9099  1.57106e-16  2.88287e-17
       8471.8562  8.06719e-17  1.85567e-17
       8473.8024  4.37236e-17  1.53763e-17
       8475.7486  8.87022e-17  1.49294e-17
       8477.6949  8.30768e-17  1.44362e-17
       8479.6411  1.13714e-16  1.46651e-17
       8481.5873  8.96704e-17  1.43894e-17
       8483.5336  5.13532e-17  1.41044e-17
       8485.4798  9.30986e-17  1.57530e-17
       8487.4260  8.15818e-17  1.63636e-17
       8489.3723  9.41468e-17  1.76811e-17
       8491.3185  2.87022e-17  1.99389e-17
