3600 6.94911e-17 5.6964e-18
3602 6.9902e-17 5.73166e-18
3604 4.07046e-17 3.33851e-18
3606 2.14171e-17 1.75707e-18
3608 4.18765e-17 3.43649e-18
3610 3.87965e-17 3.18459e-18
3612 3.31886e-17 2.72499e-18
3614 3.52966e-17 2.89884e-18
3616 4.23712e-17 3.48077e-18
3618 5.7698e-17 4.74109e-18
3620 6.20297e-17 5.09835e-18
3622 4.3398e-17 3.56789e-18
3624 5.50156e-17 4.52416e-18
3626 5.90859e-17 4.8601e-18
3628 2.34015e-17 1.92537e-18
3630 2.18369e-17 1.79709e-18
3632 3.06347e-17 2.52174e-18
3634 3.6763e-17 3.02694e-18
3636 3.68799e-17 3.0373e-18
3638 3.49775e-17 2.88132e-18
3640 5.38608e-17 4.43793e-18
3642 4.48052e-17 3.69266e-18
3644 2.74657e-17 2.26414e-18
3646 2.9552e-17 2.4367e-18
3648 4.15886e-17 3.42997e-18
3650 3.83133e-17 3.16057e-18
3652 3.3942e-17 2.80061e-18
3654 2.29329e-17 1.89266e-18
3656 1.64901e-17 1.36124e-18
3658 4.93812e-17 4.07728e-18
3660 6.14082e-17 5.07144e-18
3662 2.45295e-17 2.02623e-18
3664 2.95361e-17 2.44033e-18
3666 3.71386e-17 3.06913e-18
3668 2.23889e-17 1.85061e-18
3670 4.67293e-17 3.86334e-18
3672 5.40293e-17 4.46782e-18
3674 3.19372e-17 2.64152e-18
3676 4.28136e-17 3.54184e-18
3678 3.9625e-17 3.27873e-18
3680 3.95388e-17 3.27226e-18
3682 5.23841e-17 4.33622e-18
3684 5.45118e-17 4.51325e-18
3686 3.93948e-17 3.2623e-18
3688 3.40545e-17 2.82062e-18
3690 3.29777e-17 2.73197e-18
3692 3.09435e-17 2.56394e-18
3694 3.48411e-17 2.88745e-18
3696 2.7869e-17 2.31007e-18
3698 -1.70734e-18 -1.41549e-19
3700 2.05016e-17 1.70002e-18
3702 3.33117e-17 2.76276e-18
3704 3.75009e-17 3.11077e-18
3706 1.42485e-17 1.18215e-18
3708 2.0567e-17 1.70668e-18
3710 4.22531e-17 3.50685e-18
3712 4.93245e-17 4.09447e-18
3714 1.6375e-17 1.35954e-18
3716 2.86662e-17 2.38043e-18
3718 4.37964e-17 3.63746e-18
3720 4.30347e-17 3.5748e-18
3722 3.94322e-17 3.27609e-18
3724 1.30331e-17 1.08299e-18
3726 1.36966e-17 1.13831e-18
3728 3.67163e-17 3.05195e-18
3730 3.90537e-17 3.24676e-18
3732 2.5859e-17 2.15015e-18
3734 2.60724e-17 2.16823e-18
3736 3.13258e-17 2.60552e-18
3738 1.93398e-17 1.60883e-18
3740 3.45566e-17 2.87512e-18
3742 3.26252e-17 2.71483e-18
3744 3.17554e-17 2.64284e-18
3746 2.34006e-17 1.9478e-18
3748 -2.06689e-18 -1.72067e-19
3750 7.95744e-18 6.62546e-19
3752 2.27095e-17 1.89109e-18
3754 3.73955e-17 3.11447e-18
3756 4.33438e-17 3.61037e-18
3758 3.18481e-17 2.65319e-18
3760 1.01842e-17 8.48531e-19
3762 2.29181e-17 1.90976e-18
3764 2.64635e-17 2.20549e-18
3766 9.29033e-18 7.74365e-19
3768 1.21761e-17 1.01503e-18
3770 1.98223e-17 1.65264e-18
3772 9.66645e-18 8.06021e-19
3774 1.84585e-17 1.53932e-18
3776 2.90256e-17 2.42085e-18
3778 2.12629e-17 1.77362e-18
3780 2.6216e-17 2.18704e-18
3782 3.14803e-17 2.62651e-18
3784 2.2281e-17 1.8592e-18
3786 3.00713e-17 2.50953e-18
3788 4.23837e-17 3.53743e-18
3790 2.90683e-17 2.42637e-18
3792 3.14385e-17 2.6245e-18
3794 3.54448e-17 2.95926e-18
3796 3.40767e-17 2.84534e-18
3798 3.52817e-17 2.94626e-18
3800 2.65527e-17 2.21756e-18
3802 1.08954e-17 9.10023e-19
3804 2.53e-17 2.11336e-18
3806 3.36438e-17 2.81061e-18
3808 2.24123e-17 1.87251e-18
3810 1.62809e-17 1.36037e-18
3812 3.86031e-17 3.22583e-18
3814 3.21237e-17 2.68463e-18
3816 2.986e-17 2.49568e-18
3818 3.26306e-17 2.72748e-18
3820 3.11103e-17 2.60063e-18
3822 4.32584e-17 3.61645e-18
3824 5.3224e-17 4.44996e-18
3826 4.06016e-17 3.3949e-18
3828 3.97373e-17 3.32289e-18
3830 4.21023e-17 3.52095e-18
3832 3.72219e-17 3.11305e-18
3834 4.10406e-17 3.43269e-18
3836 3.19463e-17 2.67223e-18
3838 2.83322e-17 2.37009e-18
3840 5.34436e-17 4.47107e-18
3842 5.06469e-17 4.2374e-18
3844 3.34014e-17 2.79474e-18
3846 3.95662e-17 3.31078e-18
3848 4.92315e-17 4.11981e-18
3850 5.07124e-17 4.24401e-18
3852 4.46153e-17 3.73399e-18
3854 5.25322e-17 4.39685e-18
3856 5.57553e-17 4.66689e-18
3858 4.44589e-17 3.72157e-18
3860 5.72368e-17 4.79145e-18
3862 5.48741e-17 4.59392e-18
3864 5.49732e-17 4.60246e-18
3866 5.51144e-17 4.61453e-18
3868 6.58311e-17 5.51208e-18
3870 8.81018e-17 7.37718e-18
3872 8.53163e-17 7.14428e-18
3874 8.78239e-17 7.35461e-18
3876 7.66688e-17 6.42074e-18
3878 6.8107e-17 5.70397e-18
3880 7.45578e-17 6.24449e-18
3882 8.13073e-17 6.81007e-18
3884 8.08212e-17 6.76962e-18
3886 8.25805e-17 6.91724e-18
3888 8.94976e-17 7.49692e-18
3890 8.77134e-17 7.34772e-18
3892 8.79176e-17 7.36508e-18
3894 7.79203e-17 6.52779e-18
3896 8.95612e-17 7.50324e-18
3898 1.01968e-16 8.54294e-18
3900 9.91583e-17 8.30775e-18
3902 1.05368e-16 8.82829e-18
3904 9.70989e-17 8.13563e-18
3906 1.07451e-16 9.00323e-18
3908 1.20197e-16 1.00714e-17
3910 1.12218e-16 9.40308e-18
3912 1.16005e-16 9.72061e-18
3914 1.16647e-16 9.77455e-18
3916 1.20532e-16 1.01003e-17
3918 1.19938e-16 1.00507e-17
3920 1.14014e-16 9.55435e-18
3922 1.10671e-16 9.27436e-18
3924 1.16788e-16 9.78707e-18
3926 1.28255e-16 1.07482e-17
3928 1.24649e-16 1.04461e-17
3930 1.11274e-16 9.32522e-18
3932 1.20663e-16 1.01122e-17
3934 1.13944e-16 9.54911e-18
3936 1.02027e-16 8.55049e-18
3938 1.08415e-16 9.08581e-18
3940 1.04559e-16 8.76271e-18
3942 1.11389e-16 9.33512e-18
3944 1.11124e-16 9.31284e-18
3946 1.10957e-16 9.29885e-18
3948 1.13014e-16 9.47119e-18
3950 1.22301e-16 1.02494e-17
3952 1.25295e-16 1.05003e-17
3954 1.07536e-16 9.01196e-18
3956 1.10305e-16 9.24393e-18
3958 1.0604e-16 8.88641e-18
3960 1.06297e-16 8.90785e-18
3962 1.12885e-16 9.45976e-18
3964 1.00813e-16 8.44802e-18
3966 9.23477e-17 7.73853e-18
3968 9.33117e-17 7.81918e-18
3970 1.09534e-16 9.1784e-18
3972 9.6476e-17 8.08404e-18
3974 8.41847e-17 7.05397e-18
3976 9.66023e-17 8.09428e-18
3978 9.91404e-17 8.30676e-18
3980 1.05136e-16 8.80889e-18
3982 1.08597e-16 9.09865e-18
3984 9.22566e-17 7.7294e-18
3986 9.67461e-17 8.10531e-18
3988 8.75321e-17 7.33316e-18
3990 8.97346e-17 7.51745e-18
3992 9.53365e-17 7.98649e-18
3994 9.37612e-17 7.85427e-18
3996 9.75853e-17 8.17434e-18
3998 9.716e-17 8.13843e-18
4000 9.47004e-17 7.93212e-18
4002 1.08425e-16 9.08134e-18
4004 1.09037e-16 9.13229e-18
4006 9.89857e-17 8.2901e-18
4008 9.78189e-17 8.19205e-18
4010 1.04194e-16 8.72556e-18
4012 9.27821e-17 7.76957e-18
4014 1.01739e-16 8.51928e-18
4016 1.14566e-16 9.59289e-18
4018 1.13855e-16 9.53296e-18
4020 1.11337e-16 9.32167e-18
4022 1.00118e-16 8.38197e-18
4024 1.10656e-16 9.26369e-18
4026 1.13224e-16 9.47825e-18
4028 9.66156e-17 8.08747e-18
4030 8.6316e-17 7.22493e-18
4032 1.05332e-16 8.81614e-18
4034 1.05906e-16 8.86368e-18
4036 1.05909e-16 8.86345e-18
4038 1.03229e-16 8.63863e-18
4040 1.0571e-16 8.84576e-18
4042 1.12256e-16 9.393e-18
4044 1.09424e-16 9.15541e-18
4046 9.85996e-17 8.24926e-18
4048 1.06353e-16 8.89735e-18
4050 1.09803e-16 9.18542e-18
4052 1.02754e-16 8.59516e-18
4054 1.08652e-16 9.0879e-18
4056 1.08912e-16 9.10909e-18
4058 1.06259e-16 8.88654e-18
4060 1.05952e-16 8.86025e-18
4062 9.15833e-17 7.65815e-18
4064 8.09012e-17 6.76443e-18
4066 9.0014e-17 7.52584e-18
4068 1.02453e-16 8.56517e-18
4070 1.01423e-16 8.47843e-18
4072 9.15581e-17 7.65322e-18
4074 8.9492e-17 7.47994e-18
4076 8.40917e-17 7.02803e-18
4078 8.77635e-17 7.33432e-18
4080 8.76726e-17 7.32614e-18
4082 8.11995e-17 6.78468e-18
4084 7.84428e-17 6.55381e-18
4086 7.74259e-17 6.46831e-18
4088 7.51889e-17 6.2809e-18
4090 7.49122e-17 6.25726e-18
4092 8.13702e-17 6.7961e-18
4094 8.58325e-17 7.16817e-18
4096 9.07341e-17 7.57685e-18
4098 9.17266e-17 7.65905e-18
4100 9.60847e-17 8.02223e-18
4102 8.92428e-17 7.45031e-18
4104 7.35397e-17 6.1388e-18
4106 7.03701e-17 5.87367e-18
4108 7.03025e-17 5.86748e-18
4110 6.39083e-17 5.33331e-18
4112 6.50481e-17 5.42791e-18
4114 7.76582e-17 6.47953e-18
4116 7.60651e-17 6.34599e-18
4118 7.02575e-17 5.8609e-18
4120 8.24963e-17 6.88118e-18
4122 7.84661e-17 6.54436e-18
4124 7.0137e-17 5.84909e-18
4126 7.03382e-17 5.86527e-18
4128 6.55806e-17 5.46799e-18
4130 6.80858e-17 5.67628e-18
4132 7.00025e-17 5.83546e-18
4134 7.36376e-17 6.13784e-18
4136 8.64081e-17 7.20152e-18
4138 8.70291e-17 7.2525e-18
4140 7.53367e-17 6.27744e-18
4142 7.78509e-17 6.48623e-18
4144 8.75413e-17 7.29279e-18
4146 8.96987e-17 7.47169e-18
4148 8.54113e-17 7.11377e-18
4150 7.94001e-17 6.61236e-18
4152 8.36489e-17 6.96541e-18
4154 8.1599e-17 6.79394e-18
4156 7.43037e-17 6.18582e-18
4158 7.68077e-17 6.39353e-18
4160 8.07456e-17 6.72055e-18
4162 8.81341e-17 7.33464e-18
4164 8.16815e-17 6.79684e-18
4166 6.63146e-17 5.51748e-18
4168 6.63298e-17 5.51808e-18
4170 7.59012e-17 6.31358e-18
4172 8.44379e-17 7.02282e-18
4174 7.75751e-17 6.45124e-18
4176 7.31325e-17 6.08104e-18
4178 8.49475e-17 7.06259e-18
4180 8.04242e-17 6.68569e-18
4182 7.20972e-17 5.99271e-18
4184 6.81236e-17 5.66171e-18
4186 7.18251e-17 5.96858e-18
4188 8.7724e-17 7.28882e-18
4190 8.1782e-17 6.79424e-18
4192 6.97707e-17 5.79562e-18
4194 7.09401e-17 5.89199e-18
4196 7.1348e-17 5.92509e-18
4198 7.39181e-17 6.13772e-18
4200 8.12831e-17 6.74837e-18
4202 8.354e-17 6.93482e-18
4204 7.54227e-17 6.26015e-18
4206 7.95179e-17 6.59916e-18
4208 9.13259e-17 7.57808e-18
4210 7.9782e-17 6.61928e-18
4212 7.20617e-17 5.97793e-18
4214 7.35588e-17 6.10129e-18
4216 7.39785e-17 6.13525e-18
4218 7.85124e-17 6.51035e-18
4220 7.51713e-17 6.23243e-18
4222 7.42487e-17 6.15508e-18
4224 7.815e-17 6.47757e-18
4226 7.16487e-17 5.93786e-18
4228 6.85756e-17 5.68237e-18
4230 7.15201e-17 5.92551e-18
4232 7.16221e-17 5.93311e-18
4234 6.38871e-17 5.29158e-18
4236 6.52164e-17 5.4009e-18
4238 7.41776e-17 6.14213e-18
4240 6.96387e-17 5.76545e-18
4242 6.08452e-17 5.03668e-18
4244 6.57685e-17 5.44342e-18
4246 8.19048e-17 6.77796e-18
4248 8.77412e-17 7.25986e-18
4250 8.02428e-17 6.63844e-18
4252 8.19192e-17 6.77611e-18
4254 8.64519e-17 7.14996e-18
4256 7.55594e-17 6.24815e-18
4258 7.25685e-17 5.99991e-18
4260 7.56876e-17 6.25684e-18
4262 8.00713e-17 6.61821e-18
4264 7.72193e-17 6.3815e-18
4266 7.61065e-17 6.28856e-18
4268 7.75724e-17 6.40869e-18
4270 7.13375e-17 5.89267e-18
4272 7.03519e-17 5.81035e-18
4274 7.77519e-17 6.42051e-18
4276 7.88205e-17 6.50772e-18
4278 6.89393e-17 5.69099e-18
4280 6.80972e-17 5.62058e-18
4282 6.77028e-17 5.58714e-18
4284 7.45606e-17 6.15209e-18
4286 8.79021e-17 7.25175e-18
4288 7.70402e-17 6.35464e-18
4290 7.92036e-17 6.53203e-18
4292 8.24014e-17 6.79466e-18
4294 8.04226e-17 6.63041e-18
4296 8.44303e-17 6.95969e-18
4298 8.32193e-17 6.85874e-18
4300 8.05056e-17 6.63399e-18
4302 8.10558e-17 6.67823e-18
4304 7.85441e-17 6.47022e-18
4306 8.36116e-17 6.88652e-18
4308 8.82663e-17 7.26869e-18
4310 9.09406e-17 7.48767e-18
4312 7.74515e-17 6.37596e-18
4314 8.27399e-17 6.81017e-18
4316 8.51698e-17 7.00899e-18
4318 9.1865e-17 7.55869e-18
4320 8.42952e-17 6.93467e-18
4322 8.33543e-17 6.8561e-18
4324 8.38332e-17 6.89432e-18
4326 8.33853e-17 6.85631e-18
4328 7.49886e-17 6.16484e-18
4330 8.39511e-17 6.90047e-18
4332 8.46419e-17 6.95605e-18
4334 8.79448e-17 7.22624e-18
4336 8.73503e-17 7.17615e-18
4338 8.75298e-17 7.18965e-18
4340 9.311e-17 7.64667e-18
4342 9.26922e-17 7.61103e-18
4344 9.08663e-17 7.4598e-18
4346 8.9853e-17 7.37532e-18
4348 8.15734e-17 6.69454e-18
4350 9.51562e-17 7.80787e-18
4352 9.32957e-17 7.65386e-18
4354 8.63294e-17 7.0811e-18
4356 9.30641e-17 7.63215e-18
4358 8.69276e-17 7.12764e-18
4360 1.02949e-16 8.43981e-18
4362 1.03782e-16 8.50657e-18
4364 9.99709e-17 8.19273e-18
4366 1.13047e-16 9.26263e-18
4368 1.19023e-16 9.75057e-18
4370 1.10907e-16 9.08403e-18
4372 1.20969e-16 9.9064e-18
4374 1.25421e-16 1.02691e-17
4376 1.31038e-16 1.07271e-17
4378 1.38407e-16 1.13283e-17
4380 1.27916e-16 1.04677e-17
4382 1.44142e-16 1.17934e-17
4384 1.41174e-16 1.15484e-17
4386 1.34709e-16 1.10176e-17
4388 1.46227e-16 1.19574e-17
4390 1.46282e-16 1.19597e-17
4392 1.31164e-16 1.07217e-17
4394 1.25676e-16 1.02712e-17
4396 1.44215e-16 1.17842e-17
4398 1.44151e-16 1.17768e-17
4400 1.50958e-16 1.23306e-17
4402 1.51052e-16 1.2336e-17
4404 1.36019e-16 1.11062e-17
4406 1.40265e-16 1.14508e-17
4408 1.4539e-16 1.1867e-17
4410 1.53363e-16 1.25154e-17
4412 1.6153e-16 1.31794e-17
4414 1.48891e-16 1.21459e-17
4416 1.41842e-16 1.15687e-17
4418 1.56223e-16 1.27392e-17
4420 1.51381e-16 1.23421e-17
4422 1.48619e-16 1.21146e-17
4424 1.49904e-16 1.2217e-17
4426 1.58339e-16 1.2902e-17
4428 1.61804e-16 1.31819e-17
4430 1.53603e-16 1.25114e-17
4432 1.64484e-16 1.33951e-17
4434 1.65727e-16 1.34938e-17
4436 1.70304e-16 1.38638e-17
4438 1.69762e-16 1.38171e-17
4440 1.81593e-16 1.47772e-17
4442 1.6644e-16 1.35415e-17
4444 1.64277e-16 1.3363e-17
4446 1.79297e-16 1.4582e-17
4448 1.80929e-16 1.47119e-17
4450 1.72174e-16 1.39973e-17
4452 1.76966e-16 1.43841e-17
4454 1.77983e-16 1.4464e-17
4456 1.76779e-16 1.43634e-17
4458 1.77117e-16 1.43881e-17
4460 1.71925e-16 1.39636e-17
4462 1.83076e-16 1.48664e-17
4464 1.93905e-16 1.57427e-17
4466 1.90535e-16 1.54661e-17
4468 1.71486e-16 1.39172e-17
4470 1.85855e-16 1.50804e-17
4472 1.85892e-16 1.50805e-17
4474 1.8896e-16 1.53264e-17
4476 1.93179e-16 1.56656e-17
4478 1.97398e-16 1.60046e-17
4480 2.08238e-16 1.68802e-17
4482 2.02198e-16 1.63875e-17
4484 2.01526e-16 1.63297e-17
4486 1.94732e-16 1.57761e-17
4488 2.00591e-16 1.62476e-17
4490 2.08481e-16 1.68834e-17
4492 2.02572e-16 1.64017e-17
4494 1.99622e-16 1.61597e-17
4496 2.09483e-16 1.69546e-17
4498 1.9381e-16 1.5683e-17
4500 1.93587e-16 1.56619e-17
4502 2.11747e-16 1.71278e-17
4504 2.08756e-16 1.68825e-17
4506 2.13126e-16 1.72326e-17
4508 2.08886e-16 1.68864e-17
4510 2.00252e-16 1.61853e-17
4512 1.92973e-16 1.55939e-17
4514 2.03581e-16 1.64479e-17
4516 2.02768e-16 1.6379e-17
4518 2.0253e-16 1.63565e-17
4520 1.87335e-16 1.51264e-17
4522 1.89085e-16 1.52647e-17
4524 2.07748e-16 1.6768e-17
4526 1.99213e-16 1.6076e-17
4528 1.94974e-16 1.57308e-17
4530 1.99517e-16 1.60942e-17
4532 1.97026e-16 1.58901e-17
4534 1.86424e-16 1.50321e-17
4536 1.80306e-16 1.45359e-17
4538 1.84144e-16 1.48424e-17
4540 2.00338e-16 1.61445e-17
4542 1.94071e-16 1.56364e-17
4544 1.78328e-16 1.43651e-17
4546 1.7496e-16 1.4091e-17
4548 1.6683e-16 1.34336e-17
4550 1.67036e-16 1.34475e-17
4552 1.83596e-16 1.47778e-17
4554 1.8674e-16 1.50279e-17
4556 1.76526e-16 1.42031e-17
4558 1.77137e-16 1.42495e-17
4560 1.7808e-16 1.43225e-17
4562 1.81189e-16 1.45697e-17
4564 1.81e-16 1.45516e-17
4566 1.76838e-16 1.42142e-17
4568 1.73059e-16 1.39077e-17
4570 1.70912e-16 1.37325e-17
4572 1.65437e-16 1.32899e-17
4574 1.84585e-16 1.48252e-17
4576 1.99498e-16 1.60198e-17
4578 1.89254e-16 1.51942e-17
4580 1.90915e-16 1.53246e-17
4582 1.83414e-16 1.47196e-17
4584 1.89668e-16 1.52185e-17
4586 1.94819e-16 1.56287e-17
4588 1.95598e-16 1.56881e-17
4590 1.9847e-16 1.59153e-17
4592 2.01325e-16 1.61411e-17
4594 1.98938e-16 1.59466e-17
4596 1.90068e-16 1.52326e-17
4598 1.99681e-16 1.59999e-17
4600 2.03967e-16 1.63401e-17
4602 2.08448e-16 1.66958e-17
4604 2.05282e-16 1.6439e-17
4606 1.91878e-16 1.53626e-17
4608 1.93786e-16 1.55123e-17
4610 1.96314e-16 1.57116e-17
4612 2.0277e-16 1.62251e-17
4614 1.97072e-16 1.57661e-17
4616 1.95643e-16 1.56487e-17
4618 2.0417e-16 1.63276e-17
4620 2.10357e-16 1.68191e-17
4622 2.0614e-16 1.64787e-17
4624 2.0417e-16 1.6318e-17
4626 1.96852e-16 1.57301e-17
4628 1.99429e-16 1.59329e-17
4630 2.04301e-16 1.6319e-17
4632 1.93852e-16 1.54813e-17
4634 1.96374e-16 1.56797e-17
4636 1.96436e-16 1.56816e-17
4638 1.93691e-16 1.54595e-17
4640 2.01271e-16 1.60614e-17
4642 1.98241e-16 1.58165e-17
4644 1.95467e-16 1.55922e-17
4646 2.0134e-16 1.60576e-17
4648 2.11388e-16 1.68557e-17
4650 2.23797e-16 1.78417e-17
4652 2.12759e-16 1.69585e-17
4654 2.21671e-16 1.76654e-17
4656 2.19953e-16 1.75251e-17
4658 2.1616e-16 1.72196e-17
4660 2.37425e-16 1.891e-17
4662 2.44305e-16 1.94542e-17
4664 2.3833e-16 1.89748e-17
4666 2.32294e-16 1.84907e-17
4668 2.39258e-16 1.90414e-17
4670 2.41516e-16 1.92175e-17
4672 2.443e-16 1.94353e-17
4674 2.51025e-16 1.99665e-17
4676 2.48613e-16 1.97709e-17
4678 2.46184e-16 1.9574e-17
4680 2.62271e-16 2.08491e-17
4682 2.53596e-16 2.01557e-17
4684 2.44822e-16 1.94547e-17
4686 2.70341e-16 2.14785e-17
4688 2.74674e-16 2.18186e-17
4690 2.62245e-16 2.08274e-17
4692 2.56436e-16 2.03622e-17
4694 2.74482e-16 2.17911e-17
4696 2.95392e-16 2.34467e-17
4698 2.97326e-16 2.35958e-17
4700 2.97288e-16 2.35884e-17
4702 2.92611e-16 2.3213e-17
4704 3.12267e-16 2.47677e-17
4706 3.00205e-16 2.38066e-17
4708 2.89311e-16 2.29384e-17
4710 2.85969e-16 2.26692e-17
4712 2.91899e-16 2.3135e-17
4714 2.8997e-16 2.29779e-17
4716 3.01634e-16 2.38978e-17
4718 2.93188e-16 2.32243e-17
4720 2.86253e-16 2.26708e-17
4722 2.88904e-16 2.28766e-17
4724 2.80978e-16 2.22449e-17
4726 2.7202e-16 2.15318e-17
4728 2.62753e-16 2.07945e-17
4730 2.61671e-16 2.0705e-17
4732 2.71091e-16 2.14465e-17
4734 2.72066e-16 2.15197e-17
4736 2.48002e-16 1.96128e-17
4738 2.37695e-16 1.87943e-17
4740 2.3978e-16 1.89557e-17
4742 2.51704e-16 1.98948e-17
4744 2.45488e-16 1.94e-17
4746 2.41868e-16 1.91105e-17
4748 2.42038e-16 1.91205e-17
4750 2.34946e-16 1.85569e-17
4752 2.32551e-16 1.83645e-17
4754 2.23677e-16 1.76606e-17
4756 2.17476e-16 1.71679e-17
4758 2.11447e-16 1.6689e-17
4760 2.06226e-16 1.62741e-17
4762 2.13988e-16 1.68836e-17
4764 2.07515e-16 1.637e-17
4766 2.08767e-16 1.64659e-17
4768 2.03649e-16 1.60594e-17
4770 1.9666e-16 1.55056e-17
4772 1.9632e-16 1.54761e-17
4774 1.98222e-16 1.56233e-17
4776 1.93933e-16 1.52826e-17
4778 1.94331e-16 1.53113e-17
4780 1.98145e-16 1.56091e-17
4782 1.83079e-16 1.44198e-17
4784 1.8115e-16 1.42654e-17
4786 1.91043e-16 1.50419e-17
4788 1.95431e-16 1.53848e-17
4790 1.9938e-16 1.5693e-17
4792 2.04334e-16 1.60802e-17
4794 2.11226e-16 1.66197e-17
4796 2.11428e-16 1.66328e-17
4798 2.08371e-16 1.63896e-17
4800 2.17983e-16 1.71427e-17
4802 2.22219e-16 1.74729e-17
4804 2.1672e-16 1.70377e-17
4806 2.10736e-16 1.65645e-17
4808 2.08173e-16 1.63603e-17
4810 2.15513e-16 1.69344e-17
4812 2.19689e-16 1.72597e-17
4814 2.12505e-16 1.66925e-17
4816 2.16931e-16 1.70374e-17
4818 2.30966e-16 1.81367e-17
4820 2.27676e-16 1.78754e-17
4822 2.1803e-16 1.71153e-17
4824 2.11985e-16 1.66381e-17
4826 2.18833e-16 1.71728e-17
4828 2.25896e-16 1.77242e-17
4830 2.27295e-16 1.78311e-17
4832 2.29238e-16 1.79807e-17
4834 2.1178e-16 1.66087e-17
4836 2.07136e-16 1.62419e-17
4838 2.13596e-16 1.67458e-17
4840 2.09447e-16 1.64179e-17
4842 2.10525e-16 1.64998e-17
4844 2.12725e-16 1.66696e-17
4846 2.0818e-16 1.63109e-17
4848 2.13641e-16 1.67362e-17
4850 2.22909e-16 1.74595e-17
4852 2.19589e-16 1.71968e-17
4854 2.16979e-16 1.69898e-17
4856 2.09206e-16 1.63786e-17
4858 2.07006e-16 1.62039e-17
4860 2.13309e-16 1.66948e-17
4862 2.16599e-16 1.69497e-17
4864 2.16631e-16 1.69496e-17
4866 2.13099e-16 1.66708e-17
4868 2.04511e-16 1.59965e-17
4870 2.03901e-16 1.59464e-17
4872 2.12726e-16 1.66341e-17
4874 2.04915e-16 1.6021e-17
4876 1.9723e-16 1.54179e-17
4878 1.88607e-16 1.47416e-17
4880 1.81328e-16 1.41706e-17
4882 1.83091e-16 1.43063e-17
4884 1.89789e-16 1.48275e-17
4886 1.90367e-16 1.48705e-17
4888 1.79215e-16 1.39974e-17
4890 1.71235e-16 1.33722e-17
4892 1.65539e-16 1.29255e-17
4894 1.69147e-16 1.32054e-17
4896 1.71508e-16 1.33878e-17
4898 1.71952e-16 1.34206e-17
4900 1.66676e-16 1.3007e-17
4902 1.61059e-16 1.25669e-17
4904 1.60152e-16 1.24944e-17
4906 1.60246e-16 1.25e-17
4908 1.56622e-16 1.22156e-17
4910 1.54973e-16 1.20854e-17
4912 1.54891e-16 1.20773e-17
4914 1.52507e-16 1.18898e-17
4916 1.55958e-16 1.21572e-17
4918 1.5731e-16 1.2261e-17
4920 1.57226e-16 1.22528e-17
4922 1.50582e-16 1.17335e-17
4924 1.421e-16 1.10711e-17
4926 1.54246e-16 1.20158e-17
4928 1.60597e-16 1.25089e-17
4930 1.52544e-16 1.18801e-17
4932 1.43661e-16 1.11869e-17
4934 1.43148e-16 1.11455e-17
4936 1.52089e-16 1.18401e-17
4938 1.55941e-16 1.21385e-17
4940 1.43355e-16 1.11574e-17
4942 1.35946e-16 1.05794e-17
4944 1.35697e-16 1.05587e-17
4946 1.39929e-16 1.08866e-17
4948 1.43764e-16 1.11836e-17
4950 1.38883e-16 1.08026e-17
4952 1.40964e-16 1.09631e-17
4954 1.41797e-16 1.10266e-17
4956 1.38014e-16 1.07311e-17
4958 1.35686e-16 1.05488e-17
4960 1.33822e-16 1.04027e-17
4962 1.39265e-16 1.08245e-17
4964 1.37368e-16 1.06758e-17
4966 1.28471e-16 9.9832e-18
4968 1.25441e-16 9.74664e-18
4970 1.3163e-16 1.02263e-17
4972 1.36525e-16 1.06054e-17
4974 1.33305e-16 1.03541e-17
4976 1.28362e-16 9.96902e-18
4978 1.3626e-16 1.05812e-17
4980 1.46181e-16 1.13504e-17
4982 1.3647e-16 1.05952e-17
4984 1.40312e-16 1.08923e-17
4986 1.54006e-16 1.1954e-17
4988 1.5281e-16 1.18599e-17
4990 1.49755e-16 1.16216e-17
4992 1.57817e-16 1.22459e-17
4994 1.65103e-16 1.28099e-17
4996 1.53723e-16 1.19257e-17
4998 1.43453e-16 1.11278e-17
5000 1.47273e-16 1.1423e-17
5002 1.56611e-16 1.2146e-17
5004 1.64154e-16 1.27297e-17
5006 1.56738e-16 1.21534e-17
5008 1.58655e-16 1.23008e-17
5010 1.6176e-16 1.25403e-17
5012 1.49672e-16 1.16021e-17
5014 1.51582e-16 1.1749e-17
5016 1.502e-16 1.16407e-17
5018 1.56559e-16 1.21324e-17
5020 1.64161e-16 1.27203e-17
5022 1.56428e-16 1.212e-17
5024 1.53349e-16 1.18803e-17
5026 1.55493e-16 1.20453e-17
5028 1.54028e-16 1.19307e-17
5030 1.6205e-16 1.2551e-17
5032 1.78446e-16 1.38196e-17
5034 1.68788e-16 1.30705e-17
5036 1.59877e-16 1.23794e-17
5038 1.6455e-16 1.27401e-17
5040 1.68442e-16 1.30403e-17
5042 1.66109e-16 1.28586e-17
5044 1.57588e-16 1.2198e-17
5046 1.60355e-16 1.24111e-17
5048 1.71327e-16 1.32592e-17
5050 1.69126e-16 1.30878e-17
5052 1.57768e-16 1.22079e-17
5054 1.69553e-16 1.31188e-17
5056 1.73617e-16 1.34323e-17
5058 1.68676e-16 1.30489e-17
5060 1.66362e-16 1.28689e-17
5062 1.66248e-16 1.28591e-17
5064 1.56402e-16 1.20966e-17
5066 1.54638e-16 1.19593e-17
5068 1.63103e-16 1.2613e-17
5070 1.6636e-16 1.2864e-17
5072 1.60472e-16 1.24078e-17
5074 1.69564e-16 1.31099e-17
5076 1.71384e-16 1.32497e-17
5078 1.60871e-16 1.24361e-17
5080 1.61546e-16 1.24874e-17
5082 1.61097e-16 1.24519e-17
5084 1.56484e-16 1.20945e-17
5086 1.62808e-16 1.25825e-17
5088 1.6964e-16 1.31097e-17
5090 1.67083e-16 1.29113e-17
5092 1.67185e-16 1.29184e-17
5094 1.70497e-16 1.31735e-17
5096 1.56099e-16 1.20603e-17
5098 1.59938e-16 1.23562e-17
5100 1.68757e-16 1.30368e-17
5102 1.67267e-16 1.29209e-17
5104 1.66059e-16 1.28269e-17
5106 1.72579e-16 1.33298e-17
5108 1.75045e-16 1.35196e-17
5110 1.71222e-16 1.32236e-17
5112 1.70341e-16 1.31549e-17
5114 1.79833e-16 1.38872e-17
5116 1.74822e-16 1.34996e-17
5118 1.75215e-16 1.35293e-17
5120 1.75595e-16 1.3558e-17
5122 1.71583e-16 1.32476e-17
5124 1.71764e-16 1.3261e-17
5126 1.76011e-16 1.35883e-17
5128 1.62706e-16 1.25606e-17
5130 1.6736e-16 1.29193e-17
5132 1.76992e-16 1.36623e-17
5134 1.75144e-16 1.35191e-17
5136 1.79068e-16 1.38215e-17
5138 1.67485e-16 1.2927e-17
5140 1.81508e-16 1.40088e-17
5142 1.86512e-16 1.43945e-17
5144 1.80533e-16 1.39326e-17
5146 1.84945e-16 1.42726e-17
5148 1.95187e-16 1.50625e-17
5150 1.96955e-16 1.51985e-17
5152 1.89744e-16 1.46416e-17
5154 1.94398e-16 1.50003e-17
5156 1.87032e-16 1.44315e-17
5158 2.04602e-16 1.57868e-17
5160 2.06418e-16 1.59265e-17
5162 2.04918e-16 1.58104e-17
5164 2.04979e-16 1.58147e-17
5166 2.18838e-16 1.68836e-17
5168 2.24153e-16 1.72933e-17
5170 2.13456e-16 1.64677e-17
5172 2.28416e-16 1.76215e-17
5174 2.25676e-16 1.74098e-17
5176 2.2709e-16 1.75186e-17
5178 2.45157e-16 1.89121e-17
5180 2.35861e-16 1.81947e-17
5182 2.49086e-16 1.92147e-17
5184 2.56393e-16 1.97781e-17
5186 2.63865e-16 2.03543e-17
5188 2.62506e-16 2.02493e-17
5190 2.6542e-16 2.04739e-17
5192 2.58116e-16 1.99103e-17
5194 2.63788e-16 2.03477e-17
5196 2.68667e-16 2.0724e-17
5198 2.71914e-16 2.09744e-17
5200 2.77112e-16 2.13753e-17
5202 2.78343e-16 2.14702e-17
5204 2.92887e-16 2.25921e-17
5206 2.77537e-16 2.14081e-17
5208 2.66589e-16 2.05636e-17
5210 2.79473e-16 2.15575e-17
5212 2.82535e-16 2.17938e-17
5214 2.77406e-16 2.13983e-17
5216 2.72791e-16 2.10425e-17
5218 2.81586e-16 2.17211e-17
5220 2.87091e-16 2.2146e-17
5222 2.77935e-16 2.14399e-17
5224 2.77354e-16 2.13954e-17
5226 2.80258e-16 2.16197e-17
5228 2.84322e-16 2.19335e-17
5230 2.85336e-16 2.20121e-17
5232 2.73272e-16 2.10818e-17
5234 2.89203e-16 2.23112e-17
5236 2.85956e-16 2.20611e-17
5238 2.91057e-16 2.24551e-17
5240 2.90928e-16 2.24457e-17
5242 2.95625e-16 2.28086e-17
5244 3.00059e-16 2.31513e-17
5246 3.00099e-16 2.3155e-17
5248 3.10476e-16 2.39563e-17
5250 3.0328e-16 2.34017e-17
5252 3.11469e-16 2.40343e-17
5254 3.19347e-16 2.4643e-17
5256 3.27475e-16 2.5271e-17
5258 3.27426e-16 2.52681e-17
5260 3.349e-16 2.58458e-17
5262 3.3324e-16 2.57186e-17
5264 3.38903e-16 2.61567e-17
5266 3.53168e-16 2.72587e-17
5268 3.56535e-16 2.75197e-17
5270 3.57639e-16 2.76061e-17
5272 3.74932e-16 2.89422e-17
5274 3.60019e-16 2.77922e-17
5276 3.67272e-16 2.83534e-17
5278 3.86212e-16 2.9817e-17
5280 3.76202e-16 2.90456e-17
5282 3.82441e-16 2.95288e-17
5284 3.94706e-16 3.04773e-17
5286 4.05397e-16 3.13045e-17
5288 4.02773e-16 3.11035e-17
5290 4.00808e-16 3.09535e-17
5292 4.17784e-16 3.22663e-17
5294 4.21599e-16 3.25629e-17
5296 4.34648e-16 3.35727e-17
5298 4.60541e-16 3.55749e-17
5300 4.4833e-16 3.46338e-17
5302 4.6909e-16 3.62398e-17
5304 4.75704e-16 3.67532e-17
5306 4.69457e-16 3.62729e-17
5308 4.85377e-16 3.75055e-17
5310 4.84246e-16 3.74207e-17
5312 4.96939e-16 3.84043e-17
5314 5.03199e-16 3.88909e-17
5316 5.12179e-16 3.95878e-17
5318 5.03782e-16 3.89417e-17
5320 5.16259e-16 3.99092e-17
5322 5.23775e-16 4.04934e-17
5324 5.34083e-16 4.12936e-17
5326 5.3299e-16 4.12124e-17
5328 5.42529e-16 4.19534e-17
5330 5.45185e-16 4.21623e-17
5332 5.45163e-16 4.21642e-17
5334 5.40896e-16 4.18378e-17
5336 5.54017e-16 4.28564e-17
5338 5.54034e-16 4.28616e-17
5340 5.42288e-16 4.19567e-17
5342 5.41341e-16 4.18873e-17
5344 5.54605e-16 4.29176e-17
5346 5.62121e-16 4.35034e-17
5348 5.73221e-16 4.43667e-17
5350 5.78136e-16 4.47515e-17
5352 5.61989e-16 4.3506e-17
5354 5.72769e-16 4.4345e-17
5356 5.73963e-16 4.4442e-17
5358 5.78914e-16 4.483e-17
5360 5.79134e-16 4.48518e-17
5362 5.88302e-16 4.55667e-17
5364 5.87493e-16 4.5509e-17
5366 5.9316e-16 4.5953e-17
5368 5.88073e-16 4.5564e-17
5370 5.87557e-16 4.55292e-17
5372 5.98838e-16 4.64087e-17
5374 5.97485e-16 4.63092e-17
5376 5.88794e-16 4.5641e-17
5378 5.78517e-16 4.48497e-17
5380 5.69623e-16 4.41655e-17
5382 5.58069e-16 4.3275e-17
5384 5.57266e-16 4.32181e-17
5386 5.59728e-16 4.34145e-17
5388 5.55777e-16 4.31135e-17
5390 5.42166e-16 4.20631e-17
5392 5.3369e-16 4.14109e-17
5394 5.32111e-16 4.12938e-17
5396 5.3525e-16 4.1543e-17
5398 5.18187e-16 4.02241e-17
5400 5.0313e-16 3.90606e-17
5402 5.26573e-16 4.08863e-17
5404 5.27826e-16 4.09893e-17
5406 5.15527e-16 4.00399e-17
5408 5.05996e-16 3.93053e-17
5410 5.01197e-16 3.89381e-17
5412 4.98666e-16 3.87472e-17
5414 4.98375e-16 3.87303e-17
5416 4.94286e-16 3.84183e-17
5418 4.87687e-16 3.79111e-17
5420 4.73152e-16 3.67868e-17
5422 4.73495e-16 3.68192e-17
5424 4.85921e-16 3.77914e-17
5426 4.83078e-16 3.75762e-17
5428 4.72634e-16 3.67697e-17
5430 4.75691e-16 3.70135e-17
5432 4.79933e-16 3.73496e-17
5434 4.84066e-16 3.76775e-17
5436 4.85723e-16 3.78127e-17
5438 4.83282e-16 3.7629e-17
5440 4.90732e-16 3.82156e-17
5442 4.88693e-16 3.80633e-17
5444 4.88123e-16 3.80255e-17
5446 4.87423e-16 3.79776e-17
5448 4.8689e-16 3.79428e-17
5450 4.95425e-16 3.86148e-17
5452 5.01621e-16 3.91048e-17
5454 5.0181e-16 3.91266e-17
5456 5.04674e-16 3.93571e-17
5458 5.0631e-16 3.9492e-17
5460 5.01542e-16 3.91274e-17
5462 5.05416e-16 3.94371e-17
5464 5.22482e-16 4.07765e-17
5466 5.34064e-16 4.16884e-17
5468 5.31303e-16 4.14809e-17
5470 5.30123e-16 4.13968e-17
5472 5.41518e-16 4.2295e-17
5474 5.48165e-16 4.28226e-17
5476 5.46935e-16 4.27351e-17
5478 5.36593e-16 4.19355e-17
5480 5.44981e-16 4.25997e-17
5482 5.68037e-16 4.4411e-17
5484 5.52555e-16 4.32095e-17
5486 5.54895e-16 4.34015e-17
5488 5.79461e-16 4.53325e-17
5490 5.8323e-16 4.5637e-17
5492 5.75352e-16 4.50301e-17
5494 5.73998e-16 4.49338e-17
5496 5.79402e-16 4.53666e-17
5498 5.74218e-16 4.49705e-17
5500 5.70197e-16 4.46654e-17
5502 5.72274e-16 4.4838e-17
5504 5.73208e-16 4.49212e-17
5506 5.78833e-16 4.53722e-17
5508 5.83146e-16 4.57206e-17
5510 5.70144e-16 4.47113e-17
5512 5.59229e-16 4.38654e-17
5514 5.66095e-16 4.44142e-17
5516 5.49782e-16 4.31443e-17
5518 5.42017e-16 4.25449e-17
5520 5.46413e-16 4.29e-17
5522 5.31152e-16 4.17117e-17
5524 5.28637e-16 4.15241e-17
5526 5.34424e-16 4.19887e-17
5528 5.28654e-16 4.15454e-17
5530 5.24551e-16 4.12329e-17
5532 5.09317e-16 4.00452e-17
5534 5.01059e-16 3.94056e-17
5536 5.02976e-16 3.95661e-17
5538 5.01427e-16 3.94541e-17
5540 4.94852e-16 3.89465e-17
5542 4.87942e-16 3.84123e-17
5544 4.88693e-16 3.84811e-17
5546 4.79503e-16 3.77671e-17
5548 4.65892e-16 3.67044e-17
5550 4.57287e-16 3.60358e-17
5552 4.53225e-16 3.57249e-17
5554 4.57201e-16 3.60477e-17
5556 4.63342e-16 3.65414e-17
5558 4.56116e-16 3.5981e-17
5560 4.53989e-16 3.58227e-17
5562 4.59906e-16 3.62992e-17
5564 4.53647e-16 3.58148e-17
5566 4.44368e-16 3.50917e-17
5568 4.45527e-16 3.51927e-17
5570 4.48477e-16 3.54353e-17
5572 4.36405e-16 3.44909e-17
5574 4.26864e-16 3.37461e-17
5576 4.33522e-16 3.42819e-17
5578 4.28956e-16 3.39302e-17
5580 4.28426e-16 3.38977e-17
5582 4.31538e-16 3.41535e-17
5584 4.33949e-16 3.4354e-17
5586 4.20431e-16 3.32932e-17
5588 4.04514e-16 3.20419e-17
5590 4.07602e-16 3.22957e-17
5592 4.14652e-16 3.28637e-17
5594 4.09496e-16 3.24644e-17
5596 3.95669e-16 3.13773e-17
5598 4.03275e-16 3.19897e-17
5600 4.07654e-16 3.23465e-17
5602 3.98789e-16 3.16524e-17
5604 3.93363e-16 3.12309e-17
5606 3.884e-16 3.0846e-17
5608 3.83857e-16 3.04943e-17
5610 3.74378e-16 2.97501e-17
5612 3.70153e-16 2.94232e-17
5614 3.6915e-16 2.93523e-17
5616 3.69998e-16 2.94286e-17
5618 3.7083e-16 2.95037e-17
5620 3.60611e-16 2.86994e-17
5622 3.5191e-16 2.80155e-17
5624 3.53172e-16 2.81246e-17
5626 3.59584e-16 2.86441e-17
5628 3.52499e-16 2.80884e-17
5630 3.48318e-16 2.77639e-17
5632 3.50234e-16 2.79253e-17
5634 3.51053e-16 2.79994e-17
5636 3.53375e-16 2.81935e-17
5638 3.57146e-16 2.85033e-17
5640 3.64041e-16 2.90628e-17
5642 3.64356e-16 2.90972e-17
5644 3.61962e-16 2.89153e-17
5646 3.60308e-16 2.87924e-17
5648 3.65003e-16 2.9177e-17
5650 3.67792e-16 2.94095e-17
5652 3.73007e-16 2.98361e-17
5654 3.90432e-16 3.124e-17
5656 4.0539e-16 3.24475e-17
5658 4.09089e-16 3.27543e-17
5660 4.12069e-16 3.30037e-17
5662 4.21408e-16 3.37629e-17
5664 4.23523e-16 3.39436e-17
5666 4.28149e-16 3.43257e-17
5668 4.37679e-16 3.51015e-17
5670 4.44736e-16 3.56794e-17
5672 4.42781e-16 3.55345e-17
5674 4.40065e-16 3.53284e-17
5676 4.6392e-16 3.72561e-17
5678 4.6997e-16 3.77547e-17
5680 4.6244e-16 3.71625e-17
5682 4.76446e-16 3.83011e-17
5684 4.86995e-16 3.91625e-17
5686 4.85576e-16 3.90618e-17
5688 4.87486e-16 3.9229e-17
5690 5.01064e-16 4.03356e-17
5692 5.07342e-16 4.08551e-17
5694 5.08015e-16 4.09236e-17
5696 4.95223e-16 3.9907e-17
5698 5.05911e-16 4.07826e-17
5700 5.12104e-16 4.12963e-17
5702 5.12142e-16 4.13139e-17
5704 5.10096e-16 4.11634e-17
5706 4.99531e-16 4.03251e-17
5708 4.92507e-16 3.97722e-17
5710 4.95597e-16 4.0036e-17
5712 4.99221e-16 4.03432e-17
5714 4.68998e-16 3.79144e-17
5716 4.59707e-16 3.71766e-17
5718 4.46533e-16 3.61243e-17
5720 4.42299e-16 3.57947e-17
5722 4.34349e-16 3.5164e-17
5724 4.26649e-16 3.45532e-17
5726 4.27698e-16 3.46508e-17
5728 4.30227e-16 3.48684e-17
5730 4.23085e-16 3.43021e-17
5732 4.00303e-16 3.2467e-17
5734 3.93992e-16 3.19669e-17
5736 3.90695e-16 3.17111e-17
5738 3.92316e-16 3.18544e-17
5740 4.03759e-16 3.27957e-17
5742 3.87582e-16 3.14934e-17
5744 3.79293e-16 3.08314e-17
5746 3.84568e-16 3.12719e-17
5748 3.68888e-16 3.00081e-17
5750 3.78605e-16 3.08101e-17
5752 3.90916e-16 3.18239e-17
5754 3.7432e-16 3.04844e-17
5756 3.70798e-16 3.0209e-17
5758 3.85049e-16 3.13819e-17
5760 3.89003e-16 3.17162e-17
5762 3.84114e-16 3.13295e-17
5764 3.98348e-16 3.25029e-17
5766 3.93397e-16 3.21112e-17
5768 4.00586e-16 3.27106e-17
5770 3.95131e-16 3.22776e-17
5772 3.87737e-16 3.16857e-17
5774 3.99589e-16 3.26669e-17
5776 3.97595e-16 3.25165e-17
5778 3.84626e-16 3.14681e-17
5780 3.76405e-16 3.08074e-17
5782 3.85055e-16 3.15277e-17
5784 3.79929e-16 3.11201e-17
5786 3.86193e-16 3.16456e-17
5788 3.89764e-16 3.19507e-17
5790 3.64204e-16 2.98672e-17
5792 3.72581e-16 3.05662e-17
5794 3.50503e-16 2.87663e-17
5796 3.556e-16 2.91961e-17
5798 3.6324e-16 2.98352e-17
5800 3.69378e-16 3.03514e-17
5802 3.56504e-16 2.93052e-17
5804 3.64388e-16 2.99652e-17
5806 3.81228e-16 3.13626e-17
5808 3.6603e-16 3.01243e-17
5810 3.54289e-16 2.91697e-17
5812 3.63568e-16 2.99457e-17
5814 3.80937e-16 3.13889e-17
5816 3.87125e-16 3.19117e-17
5818 3.90738e-16 3.22225e-17
5820 3.64294e-16 3.00539e-17
5822 3.7564e-16 3.10025e-17
5824 3.92683e-16 3.24223e-17
5826 3.78473e-16 3.12617e-17
5828 3.77409e-16 3.11865e-17
5830 3.77828e-16 3.12339e-17
5832 3.77869e-16 3.125e-17
5834 3.96183e-16 3.2778e-17
5836 4.01975e-16 3.32708e-17
5838 3.87577e-16 3.20923e-17
5840 3.81064e-16 3.1566e-17
5842 4.0346e-16 3.3435e-17
5844 3.97526e-16 3.29568e-17
5846 3.96528e-16 3.28876e-17
5848 3.93105e-16 3.26172e-17
5850 4.05139e-16 3.36297e-17
5852 4.07029e-16 3.38006e-17
5854 4.09191e-16 3.39942e-17
5856 4.12221e-16 3.42602e-17
5858 4.03586e-16 3.35565e-17
5860 3.91235e-16 3.25432e-17
5862 4.01138e-16 3.33809e-17
5864 3.9191e-16 3.26266e-17
5866 4.0311e-16 3.35731e-17
5868 4.03572e-16 3.36257e-17
5870 3.92607e-16 3.27258e-17
5872 3.76994e-16 3.14376e-17
5874 3.69198e-16 3.08005e-17
5876 3.64277e-16 3.04028e-17
5878 3.42737e-16 2.86171e-17
5880 3.42703e-16 2.86264e-17
5882 3.29735e-16 2.75548e-17
5884 3.29748e-16 2.75676e-17
5886 3.28124e-16 2.74435e-17
5888 3.29324e-16 2.75556e-17
5890 3.16692e-16 2.65099e-17
5892 3.26892e-16 2.73754e-17
5894 3.13567e-16 2.62707e-17
5896 3.10083e-16 2.59899e-17
5898 3.17744e-16 2.66434e-17
5900 3.03587e-16 2.54672e-17
5902 3.05987e-16 2.56796e-17
5904 3.04888e-16 2.55983e-17
5906 3.06639e-16 2.57564e-17
5908 3.01733e-16 2.53552e-17
5910 3.0692e-16 2.58022e-17
5912 3.05137e-16 2.56633e-17
5914 2.91776e-16 2.45502e-17
5916 2.92066e-16 2.45852e-17
5918 3.02872e-16 2.55059e-17
5920 3.05977e-16 2.57785e-17
5922 2.96333e-16 2.49768e-17
5924 2.9676e-16 2.50236e-17
5926 3.06209e-16 2.58316e-17
5928 3.15501e-16 2.6627e-17
5930 3.05953e-16 2.58324e-17
5932 3.11199e-16 2.62868e-17
5934 3.24562e-16 2.74275e-17
5936 3.23789e-16 2.73741e-17
5938 3.22171e-16 2.72492e-17
5940 3.27e-16 2.76697e-17
5942 3.16917e-16 2.68282e-17
5944 3.25594e-16 2.75748e-17
5946 3.3971e-16 2.87829e-17
5948 3.48593e-16 2.95485e-17
5950 3.43499e-16 2.91294e-17
5952 3.51325e-16 2.98062e-17
5954 3.59117e-16 3.04806e-17
5956 3.58944e-16 3.04793e-17
5958 3.63051e-16 3.08416e-17
5960 3.61714e-16 3.07415e-17
5962 3.60393e-16 3.06427e-17
5964 3.71929e-16 3.16375e-17
5966 3.72412e-16 3.16925e-17
5968 3.73377e-16 3.17887e-17
5970 3.86758e-16 3.29424e-17
5972 3.82105e-16 3.25605e-17
5974 3.73603e-16 3.185e-17
5976 3.81678e-16 3.25528e-17
5978 3.85677e-16 3.29084e-17
5980 3.89923e-16 3.32854e-17
5982 3.88962e-16 3.32181e-17
5984 3.81153e-16 3.25656e-17
5986 3.9523e-16 3.37833e-17
5988 4.00444e-16 3.42441e-17
5990 3.96515e-16 3.39232e-17
5992 4.12241e-16 3.52842e-17
5994 4.19033e-16 3.58815e-17
5996 4.17892e-16 3.57996e-17
5998 4.26911e-16 3.65885e-17
6000 4.27793e-16 3.66804e-17
6002 4.26025e-16 3.6545e-17
6004 4.30886e-16 3.69784e-17
6006 4.3913e-16 3.77027e-17
6008 4.38222e-16 3.76414e-17
6010 4.43559e-16 3.81168e-17
6012 4.41452e-16 3.79526e-17
6014 4.46333e-16 3.83893e-17
6016 4.55381e-16 3.9185e-17
6018 4.4435e-16 3.82528e-17
6020 4.36592e-16 3.76017e-17
6022 4.4508e-16 3.83498e-17
6024 4.56622e-16 3.93618e-17
6026 4.46204e-16 3.84809e-17
6028 4.4382e-16 3.82923e-17
6030 4.50095e-16 3.8851e-17
6032 4.46006e-16 3.85152e-17
6034 4.50048e-16 3.88816e-17
6036 4.41663e-16 3.81742e-17
6038 4.28007e-16 3.70104e-17
6040 4.23711e-16 3.66552e-17
6042 4.3926e-16 3.80173e-17
6044 4.40265e-16 3.81213e-17
6046 4.2383e-16 3.67146e-17
6048 4.25052e-16 3.68368e-17
6050 4.34236e-16 3.76495e-17
6052 4.34243e-16 3.76669e-17
6054 4.18011e-16 3.62751e-17
6056 4.10761e-16 3.56618e-17
6058 4.19984e-16 3.64788e-17
6060 4.22459e-16 3.67101e-17
6062 4.13612e-16 3.59574e-17
6064 4.07471e-16 3.54393e-17
6066 4.13683e-16 3.59956e-17
6068 4.17138e-16 3.63124e-17
6070 4.13188e-16 3.59845e-17
6072 4.11141e-16 3.58222e-17
6074 4.1747e-16 3.63898e-17
6076 4.23105e-16 3.68974e-17
6078 4.1674e-16 3.63585e-17
6080 4.02443e-16 3.51268e-17
6082 4.00141e-16 3.49414e-17
6084 4.10985e-16 3.59042e-17
6086 4.09514e-16 3.57916e-17
6088 4.12558e-16 3.60737e-17
6090 4.15512e-16 3.63481e-17
6092 4.16296e-16 3.64328e-17
6094 4.2145e-16 3.69003e-17
6096 4.24578e-16 3.71906e-17
6098 4.11694e-16 3.6078e-17
6100 4.07786e-16 3.57514e-17
6102 4.1787e-16 3.66517e-17
6104 4.17358e-16 3.6623e-17
6106 4.19724e-16 3.68469e-17
6108 4.2754e-16 3.75496e-17
6110 4.30801e-16 3.78528e-17
6112 4.19461e-16 3.68726e-17
6114 4.09583e-16 3.60202e-17
6116 4.05948e-16 3.57163e-17
6118 4.09837e-16 3.60743e-17
6120 4.12812e-16 3.63522e-17
6122 4.11395e-16 3.62434e-17
6124 3.97726e-16 3.50546e-17
6126 3.87244e-16 3.41457e-17
6128 3.85233e-16 3.39833e-17
6130 3.78612e-16 3.34139e-17
6132 3.79264e-16 3.34862e-17
6134 3.69977e-16 3.26805e-17
6136 3.53126e-16 3.12057e-17
6138 3.48251e-16 3.07884e-17
6140 3.40168e-16 3.00869e-17
6142 3.29216e-16 2.9131e-17
6144 3.30611e-16 2.92672e-17
6146 3.17073e-16 2.8081e-17
6148 2.96101e-16 2.62351e-17
6150 2.94664e-16 2.61191e-17
6152 2.86881e-16 2.54403e-17
6154 2.80438e-16 2.48798e-17
6156 2.74073e-16 2.43256e-17
6158 2.6282e-16 2.3337e-17
6160 2.61926e-16 2.32677e-17
6162 2.62306e-16 2.33115e-17
6164 2.59462e-16 2.30688e-17
6166 2.51861e-16 2.24026e-17
6168 2.41593e-16 2.14986e-17
6170 2.38869e-16 2.12654e-17
6172 2.31775e-16 2.06427e-17
6174 2.27134e-16 2.02381e-17
6176 2.31006e-16 2.05919e-17
6178 2.21257e-16 1.97314e-17
6180 2.13586e-16 1.90554e-17
6182 2.08735e-16 1.86306e-17
6184 1.95548e-16 1.74611e-17
6186 1.90434e-16 1.70117e-17
6188 1.91377e-16 1.71032e-17
6190 1.95572e-16 1.74856e-17
6192 1.90169e-16 1.70098e-17
6194 1.79022e-16 1.60195e-17
6196 1.82787e-16 1.63634e-17
6198 1.80546e-16 1.61696e-17
6200 1.75254e-16 1.57023e-17
6202 1.69912e-16 1.52301e-17
6204 1.68741e-16 1.51315e-17
6206 1.71224e-16 1.53607e-17
6208 1.68691e-16 1.51398e-17
6210 1.62589e-16 1.45983e-17
6212 1.5445e-16 1.38733e-17
6214 1.55193e-16 1.39459e-17
6216 1.54493e-16 1.38888e-17
6218 1.47378e-16 1.32547e-17
6220 1.46566e-16 1.31872e-17
6222 1.4834e-16 1.33524e-17
6224 1.40218e-16 1.26265e-17
6226 1.45675e-16 1.31234e-17
6228 1.47639e-16 1.33058e-17
6230 1.39578e-16 1.25845e-17
6232 1.38833e-16 1.25225e-17
6234 1.37483e-16 1.24059e-17
6236 1.39454e-16 1.25889e-17
6238 1.41321e-16 1.27627e-17
6240 1.40265e-16 1.26725e-17
6242 1.3984e-16 1.26393e-17
6244 1.37916e-16 1.24705e-17
6246 1.44714e-16 1.30905e-17
6248 1.44166e-16 1.30462e-17
6250 1.37611e-16 1.24581e-17
6252 1.35208e-16 1.22455e-17
6254 1.39451e-16 1.26349e-17
6256 1.45413e-16 1.31804e-17
6258 1.4499e-16 1.31474e-17
6260 1.4838e-16 1.34602e-17
6262 1.48834e-16 1.35068e-17
6264 1.53067e-16 1.38965e-17
6266 1.4938e-16 1.35672e-17
6268 1.55806e-16 1.41564e-17
6270 1.51989e-16 1.38151e-17
6272 1.56661e-16 1.42454e-17
6274 1.62452e-16 1.47779e-17
6276 1.6671e-16 1.51712e-17
6278 1.64623e-16 1.49872e-17
6280 1.82583e-16 1.66288e-17
6282 1.94546e-16 1.77253e-17
6284 1.84512e-16 1.68177e-17
6286 1.82651e-16 1.66545e-17
6288 1.89919e-16 1.7324e-17
6290 1.97637e-16 1.80349e-17
6292 1.95909e-16 1.78843e-17
6294 2.02271e-16 1.84722e-17
6296 2.01964e-16 1.84513e-17
6298 1.99896e-16 1.82694e-17
6300 2.07692e-16 1.89892e-17
6302 2.08699e-16 1.90885e-17
6304 2.1512e-16 1.96833e-17
6306 2.22867e-16 2.03999e-17
6308 2.25661e-16 2.06635e-17
6310 2.27604e-16 2.08493e-17
6312 2.27254e-16 2.08251e-17
6314 2.31251e-16 2.11994e-17
6316 2.36202e-16 2.16614e-17
6318 2.50708e-16 2.30003e-17
6320 2.497e-16 2.29164e-17
6322 2.47397e-16 2.27135e-17
6324 2.51301e-16 2.30805e-17
6326 2.5307e-16 2.32515e-17
6328 2.63186e-16 2.41899e-17
6330 2.67078e-16 2.45566e-17
6332 2.61738e-16 2.40745e-17
6334 2.59397e-16 2.38679e-17
6336 2.55906e-16 2.35552e-17
6338 2.6155e-16 2.40835e-17
6340 2.71731e-16 2.503e-17
6342 2.71364e-16 2.50052e-17
6344 2.70161e-16 2.49033e-17
6346 2.75923e-16 2.54436e-17
6348 2.70707e-16 2.49715e-17
6350 2.67313e-16 2.46672e-17
6352 2.73085e-16 2.52088e-17
6354 2.82159e-16 2.60556e-17
6356 2.79888e-16 2.5855e-17
6358 2.75209e-16 2.54317e-17
6360 2.93881e-16 2.71667e-17
6362 2.92129e-16 2.70141e-17
6364 2.84708e-16 2.6337e-17
6366 2.74062e-16 2.5361e-17
6368 2.77735e-16 2.57097e-17
6370 2.88284e-16 2.66954e-17
6372 2.88825e-16 2.67547e-17
6374 2.91356e-16 2.69983e-17
6376 2.9979e-16 2.77893e-17
6378 3.05808e-16 2.83567e-17
6380 3.10681e-16 2.88183e-17
6382 3.08924e-16 2.86649e-17
6384 3.00338e-16 2.78775e-17
6386 3.04566e-16 2.82794e-17
6388 3.04612e-16 2.8293e-17
6390 3.04809e-16 2.83206e-17
6392 3.15171e-16 2.9293e-17
6394 3.25799e-16 3.02907e-17
6396 3.24498e-16 3.01796e-17
6398 3.19921e-16 2.97636e-17
6400 3.15736e-16 2.93837e-17
6402 3.19628e-16 2.97555e-17
6404 3.27449e-16 3.04933e-17
6406 3.23699e-16 3.01537e-17
6408 3.22721e-16 3.00721e-17
6410 3.29849e-16 3.0746e-17
6412 3.32676e-16 3.10193e-17
6414 3.23429e-16 3.01665e-17
6416 3.28199e-16 3.06209e-17
6418 3.32322e-16 3.10152e-17
6420 3.35025e-16 3.12771e-17
6422 3.44486e-16 3.21702e-17
6424 3.50527e-16 3.27443e-17
6426 3.47638e-16 3.24843e-17
6428 3.52773e-16 3.29741e-17
6430 3.59297e-16 3.3594e-17
6432 3.65037e-16 3.41408e-17
6434 3.60157e-16 3.36944e-17
6436 3.68644e-16 3.44986e-17
6438 3.69179e-16 3.45588e-17
6440 3.71089e-16 3.47478e-17
6442 3.78559e-16 3.54576e-17
6444 3.87114e-16 3.62693e-17
6446 4.04975e-16 3.79537e-17
6448 4.02431e-16 3.7726e-17
6450 4.00628e-16 3.75677e-17
6452 4.09257e-16 3.83877e-17
6454 4.05584e-16 3.80538e-17
6456 4.0538e-16 3.80453e-17
6458 4.13393e-16 3.88081e-17
6460 4.09904e-16 3.84911e-17
6462 4.07784e-16 3.83026e-17
6464 4.23198e-16 3.97612e-17
6466 4.37063e-16 4.1075e-17
6468 4.25511e-16 4.00001e-17
6470 4.31921e-16 4.06135e-17
6472 4.34843e-16 4.08991e-17
6474 4.27137e-16 4.01849e-17
6476 4.40918e-16 4.14922e-17
6478 4.46174e-16 4.19978e-17
6480 4.42374e-16 4.16508e-17
6482 4.31475e-16 4.06351e-17
6484 4.40403e-16 4.14864e-17
6486 4.41349e-16 4.1586e-17
6488 4.26629e-16 4.02091e-17
6490 4.26744e-16 4.023e-17
6492 4.29816e-16 4.05296e-17
6494 4.42967e-16 4.17799e-17
6496 4.29329e-16 4.05035e-17
6498 4.42005e-16 4.17094e-17
6500 4.30849e-16 4.06664e-17
6502 4.19509e-16 3.96055e-17
6504 4.11523e-16 3.88607e-17
6506 4.15956e-16 3.92885e-17
6508 4.31245e-16 4.07421e-17
6510 4.11629e-16 3.88978e-17
6512 4.19815e-16 3.96804e-17
6514 4.20437e-16 3.97482e-17
6516 4.27774e-16 4.04509e-17
6518 4.06561e-16 3.84535e-17
6520 3.9914e-16 3.77599e-17
6522 4.1105e-16 3.88952e-17
6524 4.15709e-16 3.93445e-17
6526 4.06743e-16 3.85042e-17
6528 4.08036e-16 3.86348e-17
6530 4.11202e-16 3.89428e-17
6532 4.17136e-16 3.9513e-17
6534 4.06994e-16 3.85602e-17
6536 4.03994e-16 3.82838e-17
6538 4.21806e-16 3.99798e-17
6540 4.21643e-16 3.99724e-17
6542 4.17058e-16 3.95455e-17
6544 4.32821e-16 4.10482e-17
6546 4.21574e-16 3.99893e-17
6548 4.19849e-16 3.98333e-17
6550 4.31018e-16 4.09008e-17
6552 4.26006e-16 4.04327e-17
6554 4.09412e-16 3.8865e-17
6556 4.17567e-16 3.96464e-17
6558 4.36267e-16 4.14294e-17
6560 4.41023e-16 4.18886e-17
6562 4.31802e-16 4.102e-17
6564 4.32911e-16 4.11325e-17
6566 4.43661e-16 4.21612e-17
6568 4.40452e-16 4.18634e-17
6570 4.44342e-16 4.22402e-17
6572 4.38987e-16 4.17381e-17
6574 4.18301e-16 3.97778e-17
6576 4.24144e-16 4.034e-17
6578 4.43675e-16 4.22043e-17
6580 4.44721e-16 4.23104e-17
6582 4.45795e-16 4.24192e-17
6584 4.43729e-16 4.2229e-17
6586 4.49872e-16 4.28201e-17
6588 4.45511e-16 4.24113e-17
6590 4.338e-16 4.13024e-17
6592 4.34455e-16 4.13707e-17
6594 4.45331e-16 4.24124e-17
6596 4.33567e-16 4.12977e-17
6598 4.33382e-16 4.12857e-17
6600 4.32238e-16 4.11823e-17
6602 4.26542e-16 4.0645e-17
6604 4.32124e-16 4.11822e-17
6606 4.25682e-16 4.05734e-17
6608 4.17876e-16 3.98344e-17
6610 4.29634e-16 4.09602e-17
6612 4.24533e-16 4.04788e-17
6614 4.07901e-16 3.88975e-17
6616 4.09928e-16 3.90953e-17
6618 3.98984e-16 3.80559e-17
6620 3.92958e-16 3.74853e-17
6622 3.907e-16 3.72739e-17
6624 3.80392e-16 3.62943e-17
6626 3.85689e-16 3.68035e-17
6628 3.88829e-16 3.71069e-17
6630 3.77007e-16 3.59822e-17
6632 3.73181e-16 3.56205e-17
6634 3.71491e-16 3.54625e-17
6636 3.68579e-16 3.51877e-17
6638 3.58153e-16 3.41954e-17
6640 3.42653e-16 3.27183e-17
6642 3.38033e-16 3.22799e-17
6644 3.37493e-16 3.22309e-17
6646 3.25973e-16 3.11332e-17
6648 3.20905e-16 3.06515e-17
6650 3.13071e-16 2.99054e-17
6652 3.05993e-16 2.92314e-17
6654 3.03431e-16 2.89886e-17
6656 2.91887e-16 2.78876e-17
6658 2.81859e-16 2.69312e-17
6660 2.7715e-16 2.64828e-17
6662 2.82838e-16 2.70279e-17
6664 2.81618e-16 2.69128e-17
6666 2.82038e-16 2.69544e-17
6668 2.69543e-16 2.57615e-17
6670 2.64917e-16 2.53206e-17
6672 2.6873e-16 2.56862e-17
6674 2.81877e-16 2.6944e-17
6676 2.7427e-16 2.62179e-17
6678 2.60387e-16 2.48917e-17
6680 2.67421e-16 2.5565e-17
6682 2.6996e-16 2.58086e-17
6684 2.60457e-16 2.49008e-17
6686 2.73411e-16 2.61399e-17
6688 2.78891e-16 2.66645e-17
6690 2.88809e-16 2.76133e-17
6692 2.90562e-16 2.77814e-17
6694 2.93061e-16 2.80208e-17
6696 2.98964e-16 2.85856e-17
6698 3.02339e-16 2.89086e-17
6700 2.92385e-16 2.7957e-17
6702 2.95012e-16 2.82084e-17
6704 3.00023e-16 2.86876e-17
6706 2.8928e-16 2.76603e-17
6708 3.00618e-16 2.87443e-17
6710 2.97871e-16 2.84815e-17
6712 2.93256e-16 2.804e-17
6714 2.97723e-16 2.84667e-17
6716 3.08241e-16 2.9472e-17
6718 3.05276e-16 2.9188e-17
6720 3.03599e-16 2.90271e-17
6722 2.98847e-16 2.85721e-17
6724 2.99976e-16 2.86793e-17
6726 3.06383e-16 2.9291e-17
6728 3.18482e-16 3.04467e-17
6730 3.15716e-16 3.01812e-17
6732 3.09344e-16 2.9571e-17
6734 3.13072e-16 2.99262e-17
6736 3.07772e-16 2.94183e-17
6738 3.23591e-16 3.09289e-17
6740 3.41394e-16 3.26289e-17
6742 3.32718e-16 3.17981e-17
6744 3.20355e-16 3.06149e-17
6746 3.22851e-16 3.08516e-17
6748 3.36272e-16 3.21322e-17
6750 3.48938e-16 3.33404e-17
6752 3.4669e-16 3.31234e-17
6754 3.41112e-16 3.25882e-17
6756 3.51194e-16 3.3549e-17
6758 3.59691e-16 3.43581e-17
6760 3.58676e-16 3.42585e-17
6762 3.56979e-16 3.40936e-17
6764 3.59067e-16 3.42902e-17
6766 3.56366e-16 3.40293e-17
6768 3.59966e-16 3.43699e-17
6770 3.68448e-16 3.51765e-17
6772 3.74574e-16 3.5758e-17
6774 3.75131e-16 3.58076e-17
6776 3.76235e-16 3.59093e-17
6778 3.80534e-16 3.63158e-17
6780 3.83608e-16 3.66052e-17
6782 3.79077e-16 3.61689e-17
6784 3.78916e-16 3.61494e-17
6786 3.87554e-16 3.69691e-17
6788 3.90017e-16 3.71996e-17
6790 3.93767e-16 3.75527e-17
6792 3.94993e-16 3.76648e-17
6794 3.97185e-16 3.7869e-17
6796 3.93169e-16 3.74811e-17
6798 3.88661e-16 3.70463e-17
6800 3.84528e-16 3.66473e-17
6802 3.83293e-16 3.65244e-17
6804 3.86907e-16 3.68635e-17
6806 3.80041e-16 3.6204e-17
6808 3.79177e-16 3.61162e-17
6810 3.8773e-16 3.69252e-17
6812 3.91977e-16 3.73238e-17
6814 3.94224e-16 3.75317e-17
6816 3.90303e-16 3.71523e-17
6818 3.79747e-16 3.61415e-17
6820 3.80247e-16 3.6183e-17
6822 3.81354e-16 3.6282e-17
6824 3.71717e-16 3.53589e-17
6826 3.6063e-16 3.42982e-17
6828 3.64995e-16 3.4707e-17
6830 3.75084e-16 3.56597e-17
6832 3.73527e-16 3.5505e-17
6834 3.6648e-16 3.48284e-17
6836 3.61627e-16 3.43605e-17
6838 3.52793e-16 3.35145e-17
6840 3.46015e-16 3.2864e-17
6842 3.46715e-16 3.29237e-17
6844 3.38271e-16 3.21152e-17
6846 3.31257e-16 3.14427e-17
6848 3.39345e-16 3.22035e-17
6850 3.35065e-16 3.17904e-17
6852 3.22963e-16 3.06354e-17
6854 3.2294e-16 3.06263e-17
6856 3.11713e-16 2.95549e-17
6858 3.02583e-16 2.86826e-17
6860 3.03504e-16 2.87632e-17
6862 2.98239e-16 2.82575e-17
6864 2.88293e-16 2.73086e-17
6866 2.73832e-16 2.59325e-17
6868 2.76808e-16 2.62078e-17
6870 2.85531e-16 2.70269e-17
6872 2.82341e-16 2.67182e-17
6874 2.84864e-16 2.695e-17
6876 2.76852e-16 2.61852e-17
6878 2.72129e-16 2.57317e-17
6880 2.76018e-16 2.60925e-17
6882 2.71194e-16 2.56295e-17
6884 2.70901e-16 2.55949e-17
6886 2.76294e-16 2.60972e-17
6888 2.6921e-16 2.54209e-17
6890 2.69534e-16 2.54443e-17
6892 2.75215e-16 2.59731e-17
6894 2.81029e-16 2.65141e-17
6896 2.94122e-16 2.77413e-17
6898 2.92436e-16 2.75741e-17
6900 2.81137e-16 2.65007e-17
6902 2.87713e-16 2.71123e-17
6904 2.94176e-16 2.77129e-17
6906 2.91457e-16 2.74482e-17
6908 2.92434e-16 2.75316e-17
6910 2.91792e-16 2.74624e-17
6912 2.93664e-16 2.76297e-17
6914 2.97664e-16 2.7997e-17
6916 2.977e-16 2.79912e-17
6918 2.89723e-16 2.72322e-17
6920 2.7794e-16 2.61159e-17
6922 2.83209e-16 2.6602e-17
6924 2.92435e-16 2.74593e-17
6926 2.91636e-16 2.73748e-17
6928 2.82856e-16 2.65414e-17
6930 2.86615e-16 2.68847e-17
6932 2.94278e-16 2.75937e-17
6934 2.89091e-16 2.70976e-17
6936 2.88818e-16 2.70623e-17
6938 2.91531e-16 2.73065e-17
6940 2.82487e-16 2.64496e-17
6942 2.70835e-16 2.53492e-17
6944 2.82188e-16 2.64019e-17
6946 2.91967e-16 2.73065e-17
6948 2.90696e-16 2.71772e-17
6950 2.88025e-16 2.69171e-17
6952 2.93455e-16 2.74139e-17
6954 3.03216e-16 2.83147e-17
6956 3.00322e-16 2.80333e-17
6958 2.85964e-16 2.66824e-17
6960 2.86759e-16 2.67458e-17
6962 2.87002e-16 2.67576e-17
6964 2.85265e-16 2.65847e-17
6966 2.86396e-16 2.66791e-17
6968 2.90779e-16 2.70761e-17
6970 2.91946e-16 2.71733e-17
6972 2.89915e-16 2.69729e-17
6974 2.91182e-16 2.70792e-17
6976 2.87209e-16 2.66982e-17
6978 2.83955e-16 2.63842e-17
6980 2.76418e-16 2.56727e-17
6982 2.78483e-16 2.58531e-17
6984 2.90698e-16 2.6975e-17
6986 2.86776e-16 2.65991e-17
6988 2.80421e-16 2.59979e-17
6990 2.81299e-16 2.60674e-17
6992 2.84415e-16 2.63441e-17
6994 2.75069e-16 2.54666e-17
6996 2.74084e-16 2.53636e-17
6998 2.76683e-16 2.55921e-17
7000 2.80285e-16 2.5913e-17
7002 2.75757e-16 2.54822e-17
7004 2.80271e-16 2.58869e-17
7006 2.82328e-16 2.60643e-17
7008 2.88896e-16 2.66576e-17
7010 2.8189e-16 2.59984e-17
7012 2.74907e-16 2.53418e-17
7014 2.80917e-16 2.5883e-17
7016 2.875e-16 2.64762e-17
7018 2.83109e-16 2.60587e-17
7020 2.84522e-16 2.61754e-17
7022 2.95701e-16 2.71899e-17
7024 2.98098e-16 2.73962e-17
7026 2.86752e-16 2.63398e-17
7028 2.94137e-16 2.7004e-17
7030 2.99035e-16 2.74392e-17
7032 3.04969e-16 2.79689e-17
7034 3.08826e-16 2.83075e-17
7036 3.11021e-16 2.84934e-17
7038 3.12631e-16 2.86254e-17
7040 3.10597e-16 2.84237e-17
7042 3.09748e-16 2.83304e-17
7044 3.11483e-16 2.84734e-17
7046 3.04453e-16 2.78153e-17
7048 3.03451e-16 2.77083e-17
7050 3.11153e-16 2.83956e-17
7052 3.16356e-16 2.88541e-17
7054 3.16836e-16 2.88814e-17
7056 3.01201e-16 2.74405e-17
7058 3.11189e-16 2.83341e-17
7060 3.15286e-16 2.86905e-17
7062 3.14357e-16 2.85892e-17
7064 3.3074e-16 3.00615e-17
7066 3.3343e-16 3.02881e-17
7068 3.16751e-16 2.87559e-17
7070 3.03748e-16 2.7559e-17
7072 2.92888e-16 2.65577e-17
7074 3.07481e-16 2.7864e-17
7076 3.18533e-16 2.8848e-17
7078 3.12086e-16 2.82468e-17
7080 2.98499e-16 2.70004e-17
7082 2.99444e-16 2.70691e-17
7084 3.13904e-16 2.83586e-17
7086 3.14448e-16 2.83899e-17
7088 3.0774e-16 2.77668e-17
7090 2.99093e-16 2.69695e-17
7092 3.08308e-16 2.77827e-17
7094 3.18757e-16 2.87058e-17
7096 3.15379e-16 2.83833e-17
7098 3.04733e-16 2.74074e-17
7100 3.00778e-16 2.70341e-17
