sn2016hnk 0.01610 33.31929 -7.66133
filter g_s
57695.280  18.591 0.038
57699.005  19.215 0.081
57701.635  19.318 0.075
57706.890  19.570 0.102
57707.825  19.620 0.104
57711.885  19.762 0.102
57717.865  19.995 0.080
57721.070  20.074 0.115
57726.865  20.164 0.102
57728.055  20.178 0.053
57729.545  20.192 0.104
57733.895  20.258 0.102
57741.185  20.284 0.084
57745.180  20.310 0.103
57747.175  20.332 0.082
57752.870  20.378 0.082
57761.100  20.470 0.105
filter r_s
57690.200  17.282 0.046
57690.820  17.278 0.037
57692.830  17.241 0.037
57694.930  17.240 0.063
57694.963  17.243 0.038
57695.280  17.257 0.033
57697.440  17.351 0.035
57698.760  17.471 0.047
57699.005  17.534 0.046
57700.890  17.634 0.100
57701.270  17.632 0.050
57701.635  17.709 0.069
57701.875  17.706 0.024
57702.580  17.724 0.048
57702.905  17.751 0.033
57703.225  17.796 0.134
57704.320  17.899 0.086
57706.860  17.952 0.090
57706.890  17.993 0.101
57707.290  17.983 0.084
57707.825  18.101 0.102
57708.040  18.117 0.048
57708.630  18.135 0.081
57708.885  18.122 0.024
57709.870  18.162 0.030
57710.180  18.176 0.097
57710.850  18.218 0.022
57711.255  18.205 0.086
57711.875  18.234 0.028
57711.885  18.308 0.057
57712.845  18.315 0.029
57713.160  18.262 0.059
57713.865  18.301 0.029
57714.510  18.326 0.061
57717.180  18.410 0.053
57717.865  18.425 0.042
57721.825  18.507 0.095
57722.210  18.542 0.113
57726.865  18.604 0.101
57728.055  18.677 0.074
57729.545  18.723 0.102
57733.895  18.766 0.086
57736.937  18.850 0.101
57741.185  18.907 0.056
57745.180  19.017 0.104
57747.175  19.099 0.079
57752.870  19.250 0.101
57761.100  19.496 0.168
57762.877  19.540 0.101
57799.780  20.458 0.332
filter i_s
57690.200  17.384 0.030
57692.830  17.380 0.039
57694.930  17.508 0.082
57694.963  17.455 0.059
57697.440  17.571 0.039
57698.760  17.663 0.053
57699.005  17.659 0.045
57699.225  17.653 0.073
57700.205  17.801 0.111
57700.890  17.796 0.101
57701.270  17.830 0.051
57701.875  17.902 0.043
57702.250  17.923 0.097
57702.905  17.948 0.035
57704.320  18.014 0.092
57706.890  18.083 0.101
57707.825  18.101 0.102
57708.040  18.113 0.062
57708.885  18.121 0.025
57709.870  18.181 0.046
57710.850  18.227 0.032
57711.205  18.281 0.095
57711.255  18.240 0.092
57711.875  18.254 0.041
57711.885  18.285 0.067
57712.845  18.303 0.033
57713.160  18.281 0.062
57713.865  18.341 0.033
57714.510  18.369 0.066
57715.165  18.459 0.084
57717.180  18.511 0.066
57717.865  18.529 0.053
57721.825  18.729 0.101
57722.210  18.694 0.115
57726.865  18.841 0.102
57728.055  18.879 0.047
57733.895  19.021 0.094
57736.937  19.102 0.102
57741.185  19.201 0.039
57745.180  19.313 0.097
57747.175  19.347 0.072
57752.870  19.563 0.102
57761.100  19.676 0.103
57762.877  19.718 0.101
filter z_s
57694.930  17.426 0.088
57696.940  17.361 0.089
57697.840  17.358 0.063
57700.890  17.402 0.089
57701.793  17.425 0.058
57702.410  17.430 0.080
57702.910  17.475 0.095
57708.040  17.540 0.088
57708.890  17.584 0.079
57709.870  17.611 0.088
57710.270  17.613 0.062
57710.850  17.617 0.089
57711.790  17.639 0.090
57712.850  17.620 0.066
57713.870  17.672 0.084
57720.820  17.905 0.053
57726.820  17.993 0.057
57733.455  18.205 0.061
57736.950  18.280 0.092
57736.950  18.302 0.093
57741.200  18.463 0.086
filter B
57690.200  19.003 0.088
57690.815  19.014 0.079
57692.830  19.054 0.098
57694.920  19.197 0.092
57695.270  19.296 0.068
57697.205  19.549 0.108
57697.435  19.509 0.089
57698.175  19.726 0.181
57698.755  19.812 0.090
57699.000  19.821 0.026
57699.210  19.820 0.093
57701.270  20.074 0.100
57701.630  20.106 0.026
57702.235  20.089 0.093
57702.580  20.158 0.094
57702.900  20.228 0.085
57707.815  20.397 0.030
57711.870  20.476 0.030
57713.160  20.521 0.083
57714.505  20.566 0.087
57717.175  20.581 0.097
57717.850  20.603 0.090
57721.065  20.626 0.028
57726.840  20.704 0.032
57733.885  20.796 0.032
57736.910  20.810 0.034
57741.155  20.845 0.101
57744.930  20.897 0.033
57745.155  20.895 0.043
57746.170  20.911 0.040
57747.105  20.936 0.086
57752.870  20.959 0.096
57755.520  20.957 0.051
57756.155  20.974 0.052
57757.120  20.980 0.099
filter V
57686.5072 17.92 0.29    
57690.200  17.544 0.054  
57690.815  17.526 0.061  
57691.1308 17.58 0.25    
57692.830  17.526 0.041  
57694.920  17.607 0.088  
57695.270  17.628 0.034  
57696.130  17.690 0.082  
57697.205  17.802 0.082  
57697.435  17.768 0.047  
57698.175  17.929 0.093  
57698.2820 17.92 0.34    
57698.755  17.842 0.065  
57699.000  17.927 0.088  
57700.195  18.017 0.091  
57701.270  18.057 0.075  
57701.270  18.160 0.098  
57701.630  18.094 0.109  
57701.870  18.138 0.099  
57702.235  18.231 0.087  
57702.580  18.168 0.089  
57702.900  18.232 0.041  
57707.290  18.487 0.115  
57707.815  18.491 0.117  
57708.030  18.501 0.084  
57708.630  18.528 0.091  
57711.250  18.671 0.112  
57711.870  18.734 0.105  
57713.160  18.760 0.072  
57714.505  18.810 0.095  
57715.155  18.805 0.123  
57717.175  18.892 0.083  
57717.850  18.929 0.059  
57721.065  18.990 0.126  
57728.050  19.070 0.099  
57728.130  19.095 0.174  
57733.885  19.185 0.125  
57736.910  19.230 0.127  
57741.155  19.305 0.077  
57744.930  19.388 0.128  
57745.155  19.393 0.122  
57747.105  19.419 0.076  
57752.870  19.453 0.093  
57756.155  19.488 0.134  
57757.120  19.498 0.077  
57761.485  19.544 0.138  
filter J2m
57695.193  16.555 0.139
57698.163  16.694 0.132
57705.030  17.059 0.112
57713.220  17.320 0.156
57722.957  17.658 0.137
57762.930  19.995 0.176
filter H2m
57695.193  16.483 0.186
57698.163  16.573 0.136
57705.030  17.005 0.137
57713.220  17.239 0.100
57722.957  17.495 0.154
57762.930  19.193 0.161
filter Ks2m
57695.193  16.366 0.124
57698.163  16.448 0.191
57705.030  16.915 0.121
57713.220  17.141 0.104
57722.957  17.358 0.172
57762.930  18.604 0.158
filter ATgr
57663.577  19.55010  NaN
57667.576  20.61011  NaN
57688.506  17.78077  0.03170
57696.482  17.82679  0.03968
57699.393  17.91235  0.06122
57716.419  18.72711  0.09376
57744.355  20.05379  0.22204
57756.342  20.47639  0.43918
57780.291  20.47218  0.29467
57784.310  20.16008  0.42486
filter ATri
57671.546  19.91093  NaN
57680.522  18.81686  0.13860
57700.468  17.53437  0.04743
57704.417  17.76117  0.08982
57712.444  17.73046  0.14050
57736.370  18.67675  0.17187
57743.362  19.08895  0.12271